3448
0 280 1190 52 33 27 17
1 291 1214 51 32 28 24
2 329 1250 57 37 30 20
3 454 1338 70 46 36 21
4 472 1347 62 42 33 18
5 485 1340 69 47 36 24
6 506 1353 54 37 30 21
7 532 1354 52 35 28 22
8 499 1355 49 34 29 11
9 442 1323 80 52 41 18
10 461 1319 87 57 46 20
11 348 1274 53 34 27 23
12 376 1300 55 36 29 17
13 392 1300 72 48 38 20
14 360 1275 58 38 29 23
15 401 1318 59 39 30 19
16 429 1333 69 44 37 22
17 420 1317 79 51 39 23
18 416 1330 61 38 30 21
19 454 1344 67 44 36 19
20 437 1340 64 41 33 29
21 392 1314 54 35 28 20
22 467 1350 58 38 31 28
23 525 1358 45 32 26 23
24 527 1359 41 30 26 39
25 428 1336 60 40 33 23
26 474 1352 55 36 30 21
27 415 1295 88 56 43 17
28 387 1269 81 53 41 24
29 361 1257 71 47 35 17
30 342 1243 66 42 32 23
31 488 1354 53 35 31 26
32 528 1360 49 30 24 18
33 530 1358 45 30 25 39
34 534 1342 68 43 36 16
35 537 1310 97 61 47 23
36 487 1316 94 62 49 19
37 433 1306 90 58 45 17
38 371 362 21 13 11 21
39 368 376 30 21 16 21
40 413 372 40 25 22 23
41 242 929 88 54 42 22
42 297 974 104 68 52 30
43 284 926 112 73 56 23
44 402 1250 84 54 43 25
45 421 1244 89 57 44 18
46 419 1216 84 48 36 23
47 424 1183 93 56 40 18
48 395 1182 100 63 47 22
49 389 1217 88 56 43 21
50 445 1287 91 57 45 17
51 419 1270 88 54 42 22
52 335 1211 70 43 34 19
53 336 1178 77 49 37 25
54 358 1227 75 48 37 18
55 342 1150 84 55 41 26
56 360 1165 90 58 43 26
57 291 1029 96 64 51 29
58 322 1012 108 71 55 20
59 391 1120 97 61 45 19
60 391 1154 94 58 44 19
61 376 1176 93 59 47 19
62 418 1149 97 60 44 18
63 458 1015 116 71 52 23
64 440 998 119 68 51 24
65 424 1044 96 60 46 19
66 418 1117 86 53 38 19
67 439 1093 44 25 21 21
68 431 1069 86 57 43 24
69 442 1171 85 44 38 19
70 451 1202 66 35 30 19
71 459 1185 84 36 32 26
72 415 1027 106 63 47 21
73 426 995 118 67 50 29
74 404 1004 123 74 59 24
75 491 1003 117 74 55 23
76 483 982 114 64 53 28
77 444 929 134 83 62 43
78 449 948 118 69 54 73
79 461 929 76 42 33 90
80 426 970 131 75 58 31
81 438 981 123 70 54 29
82 552 1040 120 71 57 31
83 550 1014 124 79 60 19
84 535 1015 116 74 52 19
85 548 992 133 85 63 23
86 525 991 118 75 58 28
87 552 977 128 81 63 20
88 544 965 101 61 49 28
89 408 1091 99 66 51 27
90 372 1142 101 65 49 26
91 373 1095 105 66 49 19
92 398 1060 103 66 50 22
93 516 949 42 27 22 33
94 552 955 71 44 35 22
95 535 945 38 20 18 28
96 516 938 23 13 12 33
97 502 940 97 59 46 52
98 492 947 113 67 51 36
99 490 955 107 65 51 20
100 505 966 118 71 55 21
101 485 963 85 45 35 24
102 572 958 85 51 42 50
103 473 902 86 50 36 80
104 490 883 83 50 35 50
105 482 885 77 45 32 79
106 511 871 86 52 40 31
107 499 869 89 53 41 43
108 468 910 85 51 39 41
109 467 947 82 48 38 76
110 517 857 97 58 43 25
111 467 905 83 47 35 81
112 466 924 84 50 38 57
113 476 959 88 48 38 26
114 581 904 182 130 106 56
115 567 904 187 130 103 29
116 567 917 167 112 91 25
117 552 903 155 103 79 22
118 553 919 142 86 69 28
119 535 924 104 65 50 27
120 550 936 105 66 51 30
121 543 942 60 41 34 21
122 533 934 69 44 37 41
123 552 858 123 74 57 27
124 554 877 138 86 64 45
125 566 874 144 88 65 51
126 554 889 148 91 71 45
127 568 890 158 100 78 33
128 563 929 133 85 65 48
129 577 941 117 71 55 35
130 562 941 105 66 49 32
131 557 948 95 59 47 47
132 514 922 109 67 51 41
133 520 935 27 15 15 39
134 497 927 135 84 63 84
135 505 936 103 65 52 56
136 483 932 119 73 57 46
137 491 941 117 68 53 90
138 473 936 98 59 44 88
139 481 945 107 65 51 48
140 580 872 147 89 67 36
141 543 885 133 80 62 23
142 532 900 125 74 55 28
143 528 880 121 73 53 22
144 469 939 88 52 40 57
145 478 949 102 63 48 44
146 456 962 117 71 58 30
147 464 975 104 54 43 21
148 511 890 102 60 46 37
149 511 905 112 69 52 36
150 529 853 104 61 45 26
151 531 829 104 63 45 23
152 507 848 96 57 40 19
153 524 793 115 66 49 39
154 500 814 124 76 56 32
155 450 893 160 104 79 46
156 515 686 106 64 50 25
157 510 641 126 83 66 14
158 265 601 83 51 38 10
159 254 569 68 41 30 17
160 463 668 99 63 49 17
161 501 705 125 77 57 13
162 510 592 159 111 89 9
163 455 530 123 75 55 15
164 412 524 122 74 52 9
165 365 518 116 69 51 17
166 320 524 92 55 39 15
167 322 559 96 57 40 10
168 282 541 78 46 35 9
169 289 571 81 47 35 9
170 405 712 57 34 28 13
171 391 725 28 15 22 15
172 370 714 50 27 21 15
173 408 761 105 69 55 11
174 373 753 68 43 36 17
175 343 723 35 20 17 17
176 342 755 75 48 39 26
177 309 736 50 26 22 23
178 430 762 100 60 52 14
179 436 751 79 47 34 16
180 434 729 86 76 66 20
181 460 750 72 36 24 13
182 439 795 137 89 67 40
183 322 793 117 74 57 58
184 292 771 92 59 42 38
185 404 803 129 83 67 80
186 362 804 135 87 67 84
187 325 695 101 62 47 10
188 402 683 132 86 63 13
189 445 713 103 61 45 14
190 461 720 112 69 52 20
191 424 708 97 58 41 14
192 433 688 123 77 61 14
193 387 697 119 76 57 12
194 356 672 122 79 62 18
195 364 695 111 68 51 13
196 343 705 93 56 40 12
197 471 703 119 72 54 16
198 494 739 139 88 67 23
199 515 730 119 74 55 28
200 334 773 97 59 46 58
201 508 768 117 69 49 17
202 462 786 146 94 70 12
203 470 805 137 82 61 46
204 490 785 125 74 53 16
205 441 821 158 102 79 34
206 401 832 150 94 69 82
207 341 832 148 96 74 74
208 305 812 126 79 59 104
209 273 786 113 71 55 52
210 270 749 86 50 36 37
211 252 749 102 66 50 35
212 266 722 95 62 47 50
213 406 782 114 75 60 36
214 369 782 103 61 47 43
215 516 1232 100 51 46 25
216 481 1220 79 38 32 20
217 478 1235 58 35 29 18
218 229 751 92 59 44 45
219 254 802 107 69 50 88
220 290 830 130 85 62 97
221 339 873 155 105 82 31
222 244 705 89 60 46 31
223 231 688 77 50 39 19
224 259 691 79 53 40 16
225 248 666 70 43 32 21
226 278 682 95 66 52 18
227 266 642 60 37 29 19
228 303 663 97 65 54 14
229 293 627 50 31 24 19
230 333 646 77 50 39 14
231 325 616 53 34 27 13
232 365 641 76 53 45 18
233 360 610 78 56 45 12
234 412 657 100 68 53 14
235 401 606 97 69 55 17
236 367 469 100 61 44 9
237 316 481 86 53 36 9
238 432 475 117 69 47 10
239 507 532 131 83 60 12
240 499 465 119 72 54 10
241 458 625 120 88 75 20
242 564 687 135 87 65 26
243 537 724 135 84 65 21
244 551 789 130 79 58 61
245 494 909 119 73 57 72
246 481 865 114 66 52 53
247 402 907 180 124 101 50
248 407 948 147 90 71 38
249 345 926 145 94 75 29
250 376 952 143 92 71 19
251 332 974 125 82 65 22
252 374 982 135 87 67 22
253 436 774 112 68 55 15
254 512 1244 64 33 30 19
255 545 1246 65 36 30 22
256 550 1239 86 41 36 20
257 479 1285 103 64 49 21
258 510 1258 80 46 36 25
259 515 1281 106 67 52 22
260 541 1274 98 59 44 17
261 476 1256 97 60 44 22
262 447 1224 80 48 35 26
263 483 1203 95 42 38 25
264 510 1216 119 56 49 25
265 532 1225 111 54 47 18
266 499 890 94 57 41 46
267 469 920 89 53 41 54
268 484 895 97 59 46 47
269 479 914 107 64 48 77
270 567 978 114 71 55 22
271 574 950 101 61 49 36
272 578 851 146 90 65 57
273 209 733 81 53 41 66
274 213 783 82 52 41 31
275 216 673 73 45 33 29
276 197 666 58 38 31 25
277 190 731 65 45 34 23
278 194 809 65 43 32 23
279 225 870 88 56 43 29
280 186 870 49 31 27 30
281 212 912 71 47 37 22
282 525 760 116 71 52 19
283 476 835 126 78 56 74
284 443 854 153 97 72 84
285 399 867 161 107 83 37
286 235 827 99 64 45 22
287 272 868 121 80 60 24
288 546 756 128 77 58 30
289 566 754 141 87 63 67
290 230 604 66 42 32 19
291 208 600 35 21 18 18
292 241 638 78 50 36 12
293 242 539 49 32 24 19
294 276 504 68 41 30 12
295 565 645 128 79 62 24
296 565 595 159 107 85 15
297 558 464 117 72 53 11
298 551 403 86 54 41 16
299 492 403 93 57 43 9
300 428 406 89 53 41 15
301 367 415 81 51 40 11
302 317 436 75 47 33 17
303 272 463 52 29 23 20
304 224 541 37 23 20 24
305 241 498 41 26 21 18
306 242 474 34 23 19 25
307 214 529 24 14 12 22
308 189 597 22 14 12 30
309 178 665 27 19 17 22
310 173 729 28 18 17 23
311 174 799 41 28 22 29
312 518 1019 111 70 50 23
313 492 1029 112 71 51 29
314 495 1052 92 54 41 29
315 470 1073 69 39 31 24
316 460 1047 98 62 46 20
317 376 1040 122 76 60 21
318 355 1124 95 59 47 19
319 336 1102 98 62 46 25
320 362 1193 86 56 45 21
321 324 1130 86 56 45 26
322 304 1112 85 57 45 17
323 307 1148 78 52 39 18
324 310 1075 92 60 47 20
325 335 1048 103 65 52 24
326 354 1073 112 73 56 29
327 353 1022 113 71 55 22
328 519 1043 106 60 47 29
329 567 1041 121 72 57 30
330 566 1015 123 80 61 25
331 566 993 127 80 64 28
332 543 1258 73 44 36 25
333 446 1250 98 60 47 21
334 375 1238 77 49 37 26
335 307 1188 69 47 36 18
336 316 1222 66 42 32 17
337 274 1084 84 55 41 18
338 273 1159 65 43 32 24
339 271 1123 69 47 34 18
340 259 1033 84 54 43 18
341 178 955 41 27 26 21
342 173 888 43 28 21 21
343 164 885 71 47 35 21
344 205 1052 25 20 24 18
345 194 993 48 30 26 23
346 235 1082 62 42 33 17
347 189 935 49 32 25 29
348 221 1019 66 42 32 21
349 193 1027 22 20 31 19
350 221 1106 22 19 26 22
351 238 1126 31 22 25 20
352 246 1152 25 19 21 26
353 215 965 69 45 35 23
354 259 987 92 60 45 20
355 163 804 27 17 15 23
356 154 746 22 13 14 22
357 155 815 62 42 35 24
358 148 779 41 26 23 23
359 151 825 77 51 38 21
360 160 904 76 48 36 20
361 186 1009 23 20 29 27
362 169 960 24 21 30 20
363 169 977 24 21 30 19
364 193 1034 24 21 30 18
365 159 944 75 48 41 29
366 322 398 38 23 20 23
367 277 434 45 28 21 13
368 282 419 38 25 19 31
369 258 445 32 21 17 24
370 307 402 35 21 18 21
371 339 376 24 14 12 33
372 162 669 22 14 12 31
373 157 673 23 14 15 22
374 291 596 81 49 36 10
375 323 588 89 56 39 15
376 359 587 101 65 49 17
377 554 823 123 75 53 60
378 574 821 152 101 70 41
379 570 787 146 90 65 32
380 169 630 25 17 15 23
381 200 556 22 14 12 23
382 180 592 20 12 10 29
383 160 728 25 20 17 23
384 225 495 27 16 14 20
385 284 415 40 26 23 23
386 487 373 48 33 28 10
387 581 917 164 112 90 56
388 215 1092 26 21 28 22
389 252 1168 44 29 24 24
390 229 1126 22 20 31 19
391 237 1140 23 20 29 26
392 261 1183 49 32 24 24
393 298 1225 47 30 23 17
394 204 1067 24 21 30 25
395 362 733 38 28 26 23
396 348 737 61 46 41 13
397 416 735 84 80 69 21
398 436 1126 50 29 26 19
399 540 1169 53 25 22 25
400 539 1182 68 33 31 20
401 555 1187 78 33 28 26
402 520 1164 63 32 30 18
403 519 1176 55 27 24 23
404 496 1158 80 49 46 18
405 493 1170 54 26 22 18
406 472 1150 53 22 19 18
407 470 1158 48 23 19 21
408 450 1137 50 24 25 25
409 446 1150 79 38 36 21
410 451 1105 47 26 23 21
411 553 1229 103 53 46 18
412 498 1070 81 47 38 30
413 538 1040 112 62 51 20
414 473 1098 60 32 31 23
415 473 1092 51 25 24 23
416 499 1092 54 33 32 20
417 499 1084 49 25 23 20
418 528 1090 53 32 31 29
419 522 1081 49 23 22 29
420 547 1090 59 35 33 19
421 540 1084 53 29 27 28
422 553 1081 55 27 24 20
423 562 1090 53 29 29 20
424 565 1080 53 28 24 21
425 554 1064 85 42 35 23
426 540 1065 81 40 34 29
427 537 1206 99 38 33 26
428 514 1198 110 51 43 17
429 521 1066 82 43 36 23
430 488 1187 93 45 35 21
431 465 1170 80 35 30 26
432 568 1063 91 48 41 20
433 363 557 105 60 41 11
434 409 567 121 75 52 10
435 458 581 147 97 74 17
436 569 966 85 52 43 47
437 581 890 150 94 71 55
438 564 722 145 95 72 28
439 580 929 139 88 69 35
440 563 532 122 70 49 20
441 545 374 49 36 30 15
442 555 1172 36 18 16 25
443 556 1210 109 50 44 18
444 729 1187 34 22 22 26
445 712 1213 40 24 24 19
446 688 1250 37 26 24 19
447 600 1338 51 36 29 22
448 584 1347 50 32 28 39
449 577 1340 59 40 33 18
450 556 1353 51 33 29 26
451 558 1355 47 32 27 21
452 614 1322 61 41 34 20
453 602 1319 69 46 38 21
454 667 1277 40 26 23 19
455 649 1302 45 27 23 18
456 647 1300 40 26 23 20
457 669 1274 40 25 22 26
458 633 1320 57 37 28 16
459 614 1334 50 33 26 32
460 628 1316 46 31 24 16
461 617 1334 58 38 29 32
462 592 1347 50 31 25 24
463 599 1345 54 35 28 40
464 632 1319 49 30 23 17
465 571 1352 47 29 25 28
466 602 1341 46 31 24 36
467 572 1353 46 28 24 42
468 638 1293 61 36 29 20
469 660 1268 54 35 28 25
470 678 1255 46 31 26 25
471 690 1241 48 30 26 24
472 565 1355 48 29 22 27
473 582 1317 81 53 42 22
474 624 1304 65 42 34 23
475 710 364 19 10 11 15
476 715 374 22 14 12 9
477 675 371 32 22 20 9
478 823 921 81 57 47 74
479 782 969 94 62 49 92
480 797 921 108 72 60 109
481 656 1249 69 45 35 21
482 645 1243 69 45 35 26
483 652 1214 76 49 40 17
484 656 1181 75 48 37 22
485 676 1178 73 46 37 18
486 672 1214 68 43 36 23
487 619 1286 74 47 36 19
488 641 1268 68 44 34 22
489 705 1208 49 34 27 25
490 715 1173 57 38 32 20
491 688 1225 53 36 28 18
492 719 1146 65 42 36 23
493 704 1160 71 47 37 23
494 774 1024 77 50 41 42
495 759 1005 91 62 48 48
496 690 1115 78 51 40 26
497 684 1150 81 55 42 29
498 691 1170 72 48 38 19
499 666 1146 74 46 35 27
500 652 1013 88 56 43 41
501 664 996 103 61 47 43
502 675 1040 72 45 34 35
503 671 1113 71 44 33 24
504 660 1089 50 31 27 26
505 670 1065 67 44 36 38
506 646 1170 62 35 28 20
507 635 1203 64 40 30 21
508 634 1186 54 30 26 18
509 683 1023 87 53 41 68
510 676 992 95 53 41 49
511 694 999 105 62 46 53
512 628 1003 105 66 49 40
513 633 981 91 49 37 31
514 664 924 77 47 37 48
515 658 944 80 50 40 49
516 651 927 109 67 51 38
517 678 965 111 65 50 40
518 667 978 98 54 41 47
519 581 1040 107 59 45 23
520 582 1015 124 79 58 25
521 595 1016 114 68 52 29
522 582 991 131 85 62 21
523 602 990 117 70 52 57
524 581 976 109 70 53 52
525 590 962 76 46 36 55
526 682 1087 70 47 39 31
527 701 1137 84 56 45 23
528 707 1091 90 61 45 60
529 693 1057 81 53 42 37
530 619 945 39 21 19 42
531 591 950 90 53 44 33
532 607 940 76 46 36 38
533 626 935 46 27 21 67
534 631 938 57 30 23 46
535 636 945 94 56 43 39
536 634 953 99 59 47 46
537 619 964 98 56 44 42
538 634 961 89 49 41 41
539 653 901 86 52 40 79
540 643 882 72 46 33 50
541 644 882 71 44 33 77
542 630 871 83 51 38 35
543 633 867 78 46 33 40
544 653 909 93 57 45 78
545 648 945 101 61 49 39
546 623 856 83 51 38 72
547 651 903 85 51 39 39
548 655 922 97 55 43 49
549 641 956 97 57 47 69
550 594 903 154 99 78 30
551 593 916 140 92 70 58
552 605 903 130 79 60 60
553 603 917 130 81 64 34
554 614 921 104 66 53 63
555 602 932 110 71 54 58
556 604 936 94 60 48 39
557 613 931 85 56 42 41
558 602 858 121 76 57 64
559 604 877 120 72 52 39
560 594 874 138 86 64 31
561 605 890 134 84 61 62
562 594 890 149 93 70 31
563 594 928 132 84 64 30
564 591 938 117 74 58 28
565 591 944 98 60 47 32
566 630 921 80 50 39 34
567 623 932 68 43 36 68
568 641 925 107 65 51 73
569 633 933 87 55 44 36
570 650 930 113 71 55 76
571 641 937 103 66 50 72
572 654 933 100 60 48 38
573 646 942 109 66 50 47
574 612 885 127 80 60 34
575 619 900 117 74 57 42
576 622 880 97 60 44 43
577 652 938 102 62 50 49
578 645 948 106 64 50 37
579 652 960 71 38 31 47
580 645 973 84 47 38 34
581 634 891 81 51 40 49
582 634 906 86 52 42 47
583 616 854 87 54 39 47
584 608 829 96 61 41 69
585 624 846 77 47 36 37
586 605 792 91 55 41 75
587 622 814 97 61 45 46
588 662 889 123 74 59 86
589 611 683 94 56 43 72
590 619 637 117 78 63 39
591 813 593 60 35 28 39
592 817 564 44 29 24 44
593 660 662 90 60 50 35
594 618 701 113 70 54 34
595 619 587 154 102 81 19
596 662 523 114 67 47 27
597 697 514 106 65 47 26
598 734 507 101 60 42 49
599 768 513 74 44 33 26
600 769 546 76 46 35 40
601 796 533 60 38 27 42
602 794 561 61 39 28 77
603 708 712 25 17 14 43
604 721 727 23 13 12 59
605 740 711 31 20 18 88
606 704 759 109 71 58 97
607 734 751 65 42 36 101
608 759 717 31 17 14 46
609 758 749 54 30 26 102
610 782 728 36 22 19 94
611 681 760 95 57 46 42
612 674 749 94 61 46 91
613 677 728 104 96 85 82
614 651 747 96 59 41 40
615 672 794 136 88 68 41
616 771 785 91 55 41 52
617 792 762 63 38 31 46
618 704 801 113 71 55 101
619 741 800 127 81 66 48
620 775 685 90 57 42 53
621 711 678 121 74 56 38
622 666 711 107 68 51 36
623 650 717 113 70 53 78
624 689 708 65 42 34 82
625 681 684 124 79 60 37
626 725 694 97 60 44 84
627 751 664 116 73 56 45
628 745 689 115 74 54 54
629 761 697 82 50 39 84
630 645 698 117 74 57 36
631 620 735 118 71 53 79
632 603 726 104 61 45 36
633 762 766 81 51 40 51
634 609 766 95 56 39 38
635 650 784 134 82 61 83
636 644 804 115 68 48 81
637 625 783 109 66 49 54
638 670 821 128 76 55 59
639 707 830 140 88 66 99
640 757 828 134 86 64 66
641 785 805 118 77 57 115
642 807 778 88 59 43 49
643 809 742 63 36 27 90
644 821 743 77 50 39 87
645 814 716 74 47 36 62
646 705 780 98 60 49 46
647 737 778 95 55 45 103
648 581 1233 76 37 32 22
649 611 1221 45 26 22 22
650 606 1234 55 36 30 26
651 836 746 72 50 37 78
652 821 795 99 66 49 116
653 797 825 121 80 60 119
654 759 870 146 98 78 54
655 828 701 69 49 40 50
656 834 685 57 40 33 51
657 821 685 72 50 39 90
658 826 661 53 38 31 48
659 809 675 77 53 43 77
660 815 634 38 24 21 65
661 792 653 73 46 37 28
662 797 616 38 25 19 75
663 770 634 76 54 43 70
664 773 601 61 44 37 85
665 744 631 49 34 29 36
666 745 595 69 51 37 47
667 704 650 84 56 44 73
668 712 594 94 66 52 44
669 727 460 89 56 39 15
670 768 472 63 39 29 23
671 674 469 108 65 48 19
672 617 528 122 75 55 22
673 614 463 112 65 47 19
674 667 617 96 70 57 42
675 588 722 112 67 48 36
676 587 788 125 77 55 73
677 646 909 93 57 45 48
678 639 863 83 51 40 40
679 705 904 152 102 79 47
680 697 944 132 79 61 55
681 753 923 129 82 64 45
682 726 948 137 90 72 43
683 759 968 116 79 63 46
684 724 977 129 83 67 52
685 675 772 108 69 54 43
686 578 1243 51 30 27 22
687 594 1286 85 53 42 25
688 573 1258 80 48 35 25
689 564 1282 109 70 53 25
690 601 1255 83 51 38 18
691 632 1224 74 45 37 23
692 613 1206 72 34 31 18
693 591 1219 82 37 32 26
694 573 1226 96 47 42 25
695 642 890 82 50 39 38
696 658 917 88 55 40 48
697 650 894 83 54 40 78
698 655 913 92 54 43 49
699 846 727 63 43 36 43
700 844 776 70 48 37 65
701 840 669 52 35 28 43
702 849 660 37 23 20 37
703 852 724 61 41 34 44
704 851 801 60 41 34 120
705 837 863 80 53 42 63
706 848 863 64 40 36 130
707 839 904 64 43 38 122
708 598 758 89 53 39 52
709 641 834 115 70 51 76
710 669 852 135 83 61 45
711 709 865 146 94 72 57
712 833 821 89 57 44 119
713 808 863 118 79 62 73
714 584 755 114 69 50 72
715 833 601 33 22 20 77
716 848 597 21 15 15 82
717 827 634 57 38 32 66
718 826 536 28 20 18 43
719 799 497 46 27 20 38
720 607 403 86 52 40 9
721 667 404 79 47 36 10
722 720 410 62 38 28 8
723 761 427 47 29 25 24
724 796 459 29 20 15 30
725 841 539 15 9 9 46
726 823 497 21 13 11 40
727 821 474 20 11 12 61
728 847 525 19 10 11 46
729 860 588 23 14 15 82
730 859 659 16 12 11 51
731 858 722 49 34 29 43
732 855 791 57 40 33 56
733 609 1019 101 62 45 24
734 627 1027 96 60 44 29
735 626 1050 83 45 36 45
736 642 1070 65 37 33 28
737 651 1043 81 52 36 32
738 713 1036 104 66 53 77
739 716 1119 79 51 39 47
740 732 1098 79 52 41 34
741 696 1189 58 38 31 25
742 735 1125 64 44 37 27
743 748 1106 62 39 31 43
744 737 1143 55 36 30 29
745 753 1070 80 53 44 36
746 743 1042 91 59 48 77
747 725 1067 94 62 49 70
748 735 1015 110 74 60 41
749 608 1042 91 47 36 27
750 626 1249 73 45 33 21
751 676 1236 55 36 29 18
752 724 1184 46 28 24 19
753 707 1220 40 26 23 20
754 770 1078 59 40 33 75
755 746 1153 39 28 26 34
756 761 1116 47 32 29 62
757 791 1027 67 47 38 88
758 820 945 72 49 41 66
759 841 879 71 48 40 73
760 835 874 81 54 45 80
761 798 1043 58 39 35 48
762 820 983 59 40 34 69
763 787 1074 44 29 26 54
764 838 926 56 37 33 75
765 811 1011 58 39 33 60
766 793 1019 70 47 39 58
767 772 1099 45 30 25 45
768 769 1119 30 21 22 43
769 753 1148 26 20 22 24
770 828 957 62 42 35 38
771 802 981 80 53 44 64
772 852 797 61 42 35 57
773 859 745 50 35 30 40
774 847 808 62 42 31 77
775 854 777 61 40 35 103
776 845 817 72 50 39 124
777 827 889 87 59 48 115
778 791 1001 81 57 47 91
779 810 948 81 57 45 51
780 802 969 83 56 45 63
781 776 1029 75 51 41 82
782 817 929 81 54 45 71
783 751 393 19 11 9 8
784 789 429 17 11 11 15
785 782 413 15 9 9 20
786 802 439 17 11 11 26
787 760 397 19 10 11 11
788 734 376 20 12 10 15
789 868 669 18 12 12 62
790 870 676 19 13 13 57
791 796 585 66 42 32 52
792 771 574 74 44 33 34
793 743 571 93 60 45 59
794 592 823 123 78 57 43
795 867 621 24 15 16 30
796 855 542 19 13 13 38
797 864 572 16 10 10 34
798 861 726 38 27 23 43
799 835 493 19 13 13 41
800 780 411 16 10 10 11
801 603 373 49 35 32 10
802 759 1090 66 43 35 37
803 739 1165 39 25 24 20
804 755 1123 49 36 30 55
805 745 1141 48 33 30 28
806 728 1184 41 27 24 21
807 701 1227 43 25 21 21
808 772 1062 69 46 38 51
809 745 731 66 53 47 66
810 754 734 54 39 34 64
811 695 736 30 20 19 90
812 655 1122 86 52 43 20
813 571 1169 26 12 9 18
814 571 1183 73 32 28 18
815 588 1164 53 34 30 26
816 589 1177 64 26 23 18
817 605 1157 47 26 21 22
818 607 1169 62 28 26 19
819 624 1146 58 27 24 26
820 626 1156 80 41 34 23
821 643 1133 81 44 36 20
822 645 1148 92 54 43 26
823 648 1100 48 27 22 29
824 622 1067 70 40 32 22
825 594 1040 105 59 44 29
826 630 1094 32 21 19 28
827 634 1088 53 29 27 22
828 611 1090 25 13 13 24
829 616 1081 30 15 12 20
830 590 1090 36 21 18 23
831 598 1080 30 14 14 20
832 576 1090 50 30 29 27
833 585 1083 38 18 17 29
834 576 1081 49 23 22 29
835 579 1064 87 44 37 28
836 590 1064 88 45 38 23
837 573 1207 111 54 45 26
838 591 1199 89 40 35 26
839 605 1065 78 43 37 24
840 611 1188 76 35 31 21
841 630 1171 82 41 35 25
842 738 544 92 55 39 31
843 703 555 104 61 44 33
844 665 572 133 82 61 41
845 211 1037 53 34 27 19
846 807 1028 55 38 31 45
847 199 921 58 38 31 20
848 840 913 59 38 33 56
849 192 1008 27 23 22 27
850 808 999 67 47 40 61
851 182 944 46 29 22 23
852 831 934 65 45 38 52
853 245 1054 78 51 40 21
854 792 1048 60 41 35 48
855 182 766 56 39 32 24
856 855 757 54 35 29 44
857 317 1242 53 34 28 20
858 691 1243 44 29 26 18
859 230 949 82 54 43 22
860 825 943 70 47 39 53
861 398 439 103 64 49 14
862 699 433 91 58 41 9
863 168 924 77 50 39 29
864 823 914 78 51 42 67
865 464 435 98 59 42 15
866 640 432 95 58 42 12
867 474 500 141 90 69 9
868 642 495 117 70 50 10
869 395 388 56 37 30 19
870 694 386 49 32 25 9
871 173 839 31 17 14 23
872 850 832 65 42 36 83
873 275 1199 45 30 23 20
874 719 1200 39 26 20 22
875 157 771 17 12 9 22
876 856 767 56 38 34 51
877 254 900 107 70 52 22
878 819 893 76 42 30 54
879 253 1123 56 35 30 17
880 767 1116 39 25 24 65
881 172 640 24 16 14 22
882 864 634 21 15 15 26
883 202 978 58 39 32 20
884 827 970 54 36 32 95
885 182 593 20 12 10 23
886 863 578 23 14 15 82
887 202 866 66 43 37 21
888 846 858 64 44 35 63
889 343 404 61 38 30 17
890 737 398 34 23 21 16
891 237 1001 79 51 39 28
892 809 996 64 44 37 90
893 258 1158 47 30 23 25
894 750 1152 25 20 24 25
895 182 989 22 20 31 23
896 802 980 81 54 45 62
897 289 1155 69 42 33 17
898 742 1150 44 29 26 21
899 222 1092 33 24 29 26
900 784 1084 37 28 29 50
901 340 449 91 55 39 11
902 745 439 68 41 32 14
903 418 1331 62 39 33 17
904 612 1336 51 34 27 22
905 163 847 62 42 35 22
906 844 839 74 52 41 81
907 166 764 24 16 14 23
908 857 757 56 38 34 88
909 304 1220 57 34 28 17
910 708 1220 39 25 22 23
911 525 432 106 63 46 8
912 582 431 99 60 43 9
913 266 1182 47 30 23 20
914 733 1180 33 23 21 19
915 257 499 55 35 26 13
916 812 496 28 18 17 61
917 393 496 117 68 51 10
918 709 487 106 63 44 20
919 532 498 135 84 65 10
920 589 497 121 73 51 11
921 294 469 71 43 32 9
922 782 462 50 33 25 45
923 184 696 41 28 22 22
924 854 690 41 26 21 97
925 167 697 24 16 14 23
926 862 692 20 14 14 64
927 519 383 67 47 38 9
928 575 383 60 45 38 15
929 193 632 32 21 17 20
930 854 626 20 11 12 62
931 257 465 45 27 23 22
932 808 463 25 16 17 37
933 236 1139 23 20 29 22
934 755 1134 43 28 25 51
935 264 441 38 25 19 20
936 798 437 17 12 9 24
937 215 822 82 52 41 23
938 843 815 74 52 39 58
939 308 898 130 83 65 22
940 782 894 120 78 62 107
941 158 701 26 17 18 22
942 867 702 23 14 15 48
943 296 431 46 28 18 17
944 776 425 25 15 14 24
945 354 1276 54 35 28 23
946 667 1277 40 26 23 19
947 205 1064 25 22 31 18
948 785 1057 59 41 37 83
949 503 1299 95 57 44 21
950 571 1300 96 60 46 16
951 294 1191 65 40 33 24
952 726 1188 41 26 23 25
953 213 635 67 45 32 21
954 843 632 32 21 19 32
955 341 498 101 63 44 15
956 750 487 81 49 36 24
957 269 955 90 58 45 22
958 802 949 91 63 51 62
959 221 711 77 49 37 63
960 840 706 62 43 36 47
961 372 893 169 115 91 38
962 732 890 144 93 74 51
963 203 700 76 48 36 24
964 847 695 51 34 27 64
965 229 509 32 23 18 18
966 833 507 18 12 12 70
967 208 565 30 20 18 20
968 851 562 18 9 10 77
969 536 564 136 88 65 19
970 592 562 133 82 61 14
971 372 1298 54 35 29 24
972 648 1301 39 24 21 23
973 179 996 23 21 32 23
974 794 988 80 56 46 95
975 249 1165 37 26 24 25
976 737 1165 41 26 21 23
977 434 639 66 43 35 16
978 688 630 38 25 19 47
979 456 383 62 39 33 12
980 635 383 64 44 35 16
981 289 1117 82 54 42 18
982 754 1111 58 39 33 43
983 201 764 81 53 39 33
984 849 756 63 43 36 41
985 284 1056 91 59 46 21
986 772 1050 72 50 39 54
987 510 1329 86 58 47 23
988 558 1329 77 49 38 19
989 313 950 125 82 65 22
990 775 945 108 72 56 61
991 225 570 44 31 25 27
992 839 568 25 17 15 84
993 482 560 129 79 56 20
994 641 553 129 78 57 28
995 156 856 87 58 44 30
996 839 847 80 53 42 127
997 310 851 146 95 74 59
998 781 848 134 86 66 74
999 261 832 113 72 54 26
1000 817 826 108 71 52 76
1001 297 512 84 51 36 10
1002 784 504 65 42 34 34
1003 538 620 176 128 105 17
1004 593 618 173 123 98 31
1005 297 411 43 28 23 26
1006 769 406 17 11 11 12
1007 262 537 68 41 30 11
1008 810 532 42 27 22 31
1009 447 1344 63 40 34 21
1010 589 1347 47 29 25 24
1011 371 851 144 90 66 57
1012 732 849 144 94 71 50
1013 396 1316 57 37 30 24
1014 632 1320 55 35 28 16
1015 427 920 160 102 80 52
1016 681 915 129 77 56 42
1017 539 666 130 83 67 28
1018 590 664 119 71 57 55
1019 433 1338 64 41 33 20
1020 606 1341 58 38 31 20
1021 460 1347 61 38 32 18
1022 584 1350 48 31 24 40
1023 321 1183 73 46 35 25
1024 720 1178 51 33 29 29
1025 227 1120 24 21 28 21
1026 753 1118 54 36 32 29
1027 424 881 166 108 84 53
1028 686 878 161 109 87 89
1029 484 611 154 106 83 11
1030 644 604 147 104 85 45
1031 247 602 78 49 35 10
1032 822 598 52 33 26 34
1033 463 862 146 89 69 57
1034 651 860 126 78 58 39
1035 410 1318 68 41 32 19
1036 630 1319 46 29 22 19
1037 378 818 144 92 71 37
1038 726 815 123 76 60 50
1039 325 1218 69 45 35 17
1040 706 1215 45 28 21 18
1041 302 695 101 62 45 21
1042 792 687 81 51 40 44
1043 217 1098 23 20 27 19
1044 765 1094 56 39 32 34
1045 452 1341 67 42 35 32
1046 598 1342 41 30 24 22
1047 203 1065 24 21 30 21
1048 766 1061 75 53 42 49
1049 292 1001 103 67 51 20
1050 779 996 85 58 47 90
1051 370 1219 80 52 41 19
1052 684 1217 59 39 32 25
1053 251 773 107 69 50 79
1054 822 766 84 52 39 40
1055 403 1297 85 53 42 17
1056 644 1296 48 30 26 20
1057 384 365 22 14 12 31
1058 700 365 20 12 10 8
1059 387 541 112 67 48 10
1060 718 529 99 61 42 34
1061 432 595 137 96 74 11
1062 687 585 113 70 53 24
1063 160 655 23 15 13 20
1064 871 656 16 10 10 54
1065 231 792 92 59 42 43
1066 835 785 86 57 43 71
1067 279 808 121 80 60 41
1068 804 801 114 76 57 56
1069 490 761 124 76 54 13
1070 623 758 115 68 50 81
1071 433 550 130 82 60 10
1072 682 541 107 61 45 29
1073 240 469 27 17 15 23
1074 819 467 19 10 11 25
1075 275 708 95 63 48 48
1076 809 702 79 52 43 96
1077 315 1041 95 63 50 28
1078 757 1036 86 58 47 49
1079 492 840 120 73 55 30
1080 631 840 93 57 41 51
1081 542 841 105 59 44 46
1082 605 841 102 63 46 67
1083 342 540 106 63 44 10
1084 753 527 85 49 35 27
1085 333 811 132 84 62 41
1086 764 805 129 86 67 108
1087 271 570 80 48 35 10
1088 805 561 57 34 26 50
1089 478 1351 57 38 32 20
1090 575 1351 49 31 27 39
1091 403 977 133 80 62 21
1092 698 972 128 80 60 80
1093 516 821 107 64 47 18
1094 615 821 82 50 37 36
1095 506 789 123 75 55 32
1096 615 788 94 57 41 37
1097 505 1357 46 31 26 14
1098 550 1358 46 31 26 27
1099 461 1269 101 64 48 22
1100 611 1269 81 51 40 20
1101 405 1272 84 55 41 25
1102 649 1271 64 41 33 19
1103 375 1277 73 46 35 23
1104 664 1276 43 28 23 19
1105 351 374 22 13 8 30
1106 726 373 18 10 8 10
1107 326 388 34 20 17 23
1108 746 385 17 11 11 14
1109 376 1013 126 79 61 19
1110 717 1007 125 77 63 42
1111 460 1332 78 51 40 19
1112 599 1331 62 37 32 26
1113 537 774 123 75 55 30
1114 593 773 106 63 44 75
1115 230 650 78 50 38 23
1116 833 647 50 31 24 45
1117 314 771 92 56 42 85
1118 777 762 68 41 32 50
1119 302 549 87 51 37 15
1120 782 538 65 38 27 67
1121 212 523 27 19 17 23
1122 848 518 18 12 12 73
1123 487 656 89 57 44 15
1124 641 651 97 64 55 64
1125 283 653 69 46 38 11
1126 806 643 48 31 23 57
1127 278 616 75 49 36 16
1128 807 606 60 40 31 37
1129 337 1249 63 40 32 17
1130 688 1248 39 27 27 18
1131 297 792 111 73 54 43
1132 789 783 98 62 48 49
1133 541 809 114 67 49 34
1134 598 808 104 63 45 44
1135 345 998 121 78 61 28
1136 745 992 106 73 58 56
1137 382 579 118 75 56 12
1138 724 565 100 63 45 36
1139 563 805 142 88 64 65
1140 581 805 141 87 63 65
1141 380 1192 90 58 45 22
1142 684 1188 68 45 37 26
1143 194 1035 23 20 29 21
1144 782 1028 75 51 41 88
1145 436 1329 73 49 37 16
1146 613 1329 54 37 30 18
1147 160 936 92 60 49 20
1148 819 920 80 53 44 58
1149 348 1203 75 48 37 25
1150 702 1199 53 35 31 24
1151 428 1290 90 61 47 20
1152 631 1289 68 43 36 18
1153 407 1232 85 53 40 20
1154 657 1230 70 46 34 26
1155 423 843 161 103 79 47
1156 688 842 137 82 62 63
1157 496 1356 48 33 28 11
1158 551 1356 46 31 26 40
1159 349 1235 67 43 33 17
1160 690 1233 53 34 28 25
1161 559 771 137 82 61 43
1162 577 771 129 79 56 48
1163 422 813 148 96 74 85
1164 687 812 139 86 68 45
1165 307 606 85 56 40 12
1166 341 599 86 60 47 17
1167 785 593 64 39 32 82
1168 758 584 78 51 40 76
1169 383 934 151 99 78 75
1170 319 1105 91 59 46 18
1171 720 929 142 95 75 45
1172 742 1101 71 46 39 45
1173 238 723 90 58 43 28
1174 565 838 130 77 59 38
1175 832 718 67 47 40 58
1176 587 838 127 76 55 58
1177 274 425 38 24 21 16
1178 788 418 16 10 10 23
1179 473 727 118 72 56 18
1180 639 723 124 75 60 39
1181 151 789 48 31 24 23
1182 852 785 62 43 36 56
1183 426 698 118 75 58 14
1184 686 695 119 74 55 76
1185 502 985 108 62 47 21
1186 620 983 95 55 43 60
1187 397 1033 115 69 53 21
1188 697 1029 96 60 46 45
1189 392 1091 102 63 48 22
1190 693 1087 79 49 38 28
1191 383 1300 61 41 32 20
1192 649 1301 41 26 23 18
1193 484 809 129 78 57 22
1194 632 809 108 65 48 79
1195 341 573 104 66 47 17
1196 755 558 81 48 31 66
1197 334 1075 99 66 49 19
1198 738 1070 88 58 47 36
1199 370 1248 74 48 35 18
1200 676 1247 52 35 27 19
1201 330 715 85 51 39 13
1202 769 707 78 46 33 59
1203 254 636 74 45 31 17
1204 821 630 48 31 24 62
1205 511 1358 43 30 24 18
1206 545 1357 44 29 24 39
1207 531 742 121 72 55 21
1208 593 740 102 63 46 74
1209 494 1270 99 60 45 21
1210 583 1270 98 62 48 18
1211 292 409 38 25 19 20
1212 773 406 18 12 12 17
1213 441 724 63 41 28 17
1214 670 723 63 40 34 53
1215 384 626 48 34 31 13
1216 728 615 54 39 36 78
1217 375 1067 114 71 54 30
1218 709 1063 99 66 51 45
1219 493 867 96 57 42 45
1220 634 865 78 48 37 52
1221 467 1303 91 59 44 21
1222 600 1303 78 50 38 23
1223 312 637 41 26 19 12
1224 784 625 40 26 23 50
1225 283 746 74 40 31 40
1226 800 739 58 33 26 95
1227 346 789 115 72 56 61
1228 753 783 91 55 43 49
1229 357 959 137 89 67 31
1230 741 955 141 96 77 47
1231 306 578 89 52 36 10
1232 783 566 69 42 31 35
1233 471 888 112 68 55 33
1234 647 885 72 44 33 77
1235 496 1234 72 33 28 18
1236 595 1233 50 26 26 19
1237 487 690 109 67 51 17
1238 634 685 109 68 50 51
1239 432 1262 94 61 46 24
1240 633 1261 69 45 33 26
1241 327 1152 81 53 41 26
1242 727 1148 58 38 31 20
1243 349 1172 86 56 45 19
1244 710 1167 59 39 30 23
1245 459 828 137 85 61 41
1246 655 828 123 76 56 56
1247 354 1098 98 61 45 27
1248 721 1094 86 56 46 40
1249 271 765 96 58 45 44
1250 807 757 70 43 32 43
1251 461 1241 86 52 40 22
1252 616 1240 77 49 37 18
1253 355 1047 113 70 53 21
1254 729 1040 104 70 58 32
1255 451 777 120 77 60 17
1256 661 775 121 78 61 55
1257 491 1350 59 39 32 25
1258 569 1349 53 35 31 37
1259 494 1248 56 32 22 20
1260 590 1247 62 40 29 21
1261 374 1159 94 61 46 22
1262 695 1155 77 53 43 23
1263 553 739 135 83 61 34
1264 575 738 128 78 55 69
1265 383 663 128 85 68 16
1266 444 679 111 70 52 16
1267 729 656 116 73 56 33
1268 673 673 106 69 51 49
1269 386 794 125 77 63 85
1270 721 791 107 65 53 63
1271 345 627 70 51 44 13
1272 759 613 45 31 28 33
1273 523 965 112 64 50 21
1274 606 962 93 57 45 31
1275 261 670 61 39 28 17
1276 820 663 52 35 28 44
1277 517 711 123 74 57 18
1278 604 708 115 69 53 48
1279 527 1267 93 57 43 21
1280 555 1267 101 64 48 25
1281 339 1127 90 58 45 25
1282 727 1122 72 47 40 31
1283 527 1251 51 28 22 22
1284 560 1250 46 27 23 21
1285 257 732 95 62 47 75
1286 819 727 76 49 40 43
1287 163 958 22 22 34 19
1288 811 947 80 56 46 64
1289 354 767 98 58 48 42
1290 749 763 88 54 45 105
1291 240 672 74 47 36 21
1292 830 669 53 36 28 77
1293 448 1071 87 51 39 22
1294 658 1067 60 35 28 34
1295 475 1023 110 69 51 19
1296 640 1021 92 59 42 39
1297 545 705 130 81 66 38
1298 581 704 130 82 62 64
1299 432 949 140 83 63 31
1300 673 944 103 57 42 49
1301 328 669 112 70 54 12
1302 774 660 96 60 46 30
1303 406 1167 101 64 48 20
1304 671 1163 76 48 37 22
1305 427 1312 81 53 41 18
1306 626 1310 58 38 31 20
1307 516 1356 47 32 27 16
1308 544 1355 45 30 25 25
1309 511 749 112 65 47 19
1310 606 747 97 60 44 41
1311 531 1241 79 40 35 25
1312 564 1241 71 38 31 25
1313 434 1021 111 68 51 25
1314 669 1018 88 54 42 33
1315 452 706 116 71 52 24
1316 660 702 118 72 56 37
1317 372 1121 102 66 50 25
1318 537 953 80 46 37 26
1319 704 1116 84 56 44 33
1320 601 948 70 41 37 36
1321 454 801 149 95 69 34
1322 657 800 129 79 56 40
1323 522 847 101 62 45 18
1324 618 847 82 50 37 35
1325 461 992 121 72 57 24
1326 648 991 100 61 46 32
1327 540 1287 108 69 52 26
1328 540 1002 136 89 69 30
1329 590 1002 127 82 61 42
1330 514 1348 63 40 34 12
1331 550 1349 55 36 30 23
1332 442 1045 93 60 45 22
1333 335 739 40 24 25 29
1334 663 1040 78 50 38 33
1335 763 733 42 26 26 65
1336 414 1067 89 60 46 29
1337 680 1063 58 38 29 59
1338 346 692 108 67 49 15
1339 758 684 101 62 45 79
1340 389 771 100 60 50 52
1341 721 768 96 56 46 64
1342 468 1203 84 41 35 26
1343 624 1204 44 27 20 25
1344 495 884 90 54 40 33
1345 642 884 76 50 37 38
1346 507 1010 117 74 55 29
1347 616 1009 106 68 49 38
1348 404 1135 95 57 44 21
1349 678 1131 80 52 41 28
1350 423 1093 84 52 39 27
1351 672 1089 65 45 36 23
1352 497 1219 105 55 48 23
1353 599 1221 70 32 29 23
1354 424 988 116 67 50 21
1355 679 983 107 64 48 49
1356 497 718 139 86 68 25
1357 619 714 122 76 60 49
1358 435 1206 84 52 39 26
1359 644 1205 76 48 36 20
1360 432 1232 92 59 44 26
1361 639 1232 67 42 35 26
1362 405 699 112 69 52 14
1363 708 698 82 50 35 42
1364 500 953 91 53 40 49
1365 627 951 78 45 36 36
1366 387 1243 86 57 43 24
1367 667 1243 55 34 29 19
1368 357 1146 93 61 46 27
1369 711 1141 74 47 38 29
1370 478 1050 104 67 49 21
1371 638 1047 84 48 36 50
1372 530 864 106 63 47 37
1373 618 865 95 59 45 37
1374 463 1220 64 39 32 20
1375 621 1220 63 38 31 27
1376 443 965 123 67 52 22
1377 663 962 95 55 43 36
1378 407 1199 94 58 44 20
1379 665 1196 69 45 33 21
1380 378 686 128 83 64 12
1381 733 681 114 69 50 51
1382 498 1203 107 46 41 26
1383 602 1204 85 40 37 20
1384 488 901 103 61 45 73
1385 649 901 86 52 40 51
1386 422 789 121 78 61 64
1387 688 787 124 78 63 60
1388 396 744 26 16 14 13
1389 714 744 46 31 24 43
1390 570 863 138 86 62 28
1391 588 863 136 85 64 28
1392 355 709 97 58 41 15
1393 752 703 82 53 39 86
1394 559 962 83 53 42 28
1395 581 959 81 49 38 54
1396 445 1310 88 56 43 19
1397 615 1309 67 45 34 24
1398 458 1092 46 22 18 23
1399 647 1088 52 31 26 25
1400 459 947 80 41 34 37
1401 650 944 102 62 50 73
1402 507 1035 111 70 52 30
1403 617 1033 103 61 47 45
1404 473 1186 96 47 42 22
1405 623 1188 72 37 33 21
1406 473 782 133 78 57 24
1407 356 727 41 31 29 23
1408 640 780 124 68 51 54
1409 750 724 50 39 37 49
1410 525 929 83 49 39 24
1411 620 927 82 52 42 66
1412 522 913 112 69 53 29
1413 625 913 95 59 47 39
1414 503 1183 87 40 34 23
1415 600 1183 73 32 30 23
1416 485 1080 70 36 34 22
1417 629 1077 66 38 34 22
1418 420 721 67 57 55 13
1419 692 721 25 15 14 87
1420 544 875 130 77 59 28
1421 542 912 134 83 66 40
1422 610 875 124 79 60 41
1423 611 910 121 74 56 63
1424 487 921 120 73 55 51
1425 649 920 107 68 51 48
1426 508 1168 54 26 25 17
1427 596 1168 53 24 20 21
1428 543 980 132 81 62 28
1429 588 978 109 67 51 29
1430 538 1233 104 51 45 17
1431 564 1233 96 47 42 24
1432 252 695 88 59 45 19
1433 824 690 70 48 37 94
1434 441 759 99 61 50 12
1435 669 757 95 57 44 42
1436 557 971 103 61 45 41
1437 577 970 89 53 41 34
1438 432 1162 86 49 40 26
1439 654 1160 69 42 33 27
1440 457 915 97 54 45 52
1441 655 910 89 53 41 52
1442 520 893 112 65 49 32
1443 628 894 93 59 47 45
1444 486 1091 53 29 29 29
1445 623 1087 34 19 22 25
1446 355 744 90 70 63 15
1447 748 742 84 55 47 63
1448 483 1160 53 27 28 25
1449 614 1158 55 25 23 23
1450 510 1075 76 39 33 29
1451 610 1074 61 33 29 20
1452 544 1027 106 63 44 20
1453 588 1027 105 59 43 26
1454 389 711 72 48 36 23
1455 724 710 21 13 11 57
1456 509 1058 91 48 41 24
1457 616 1056 85 44 38 19
1458 557 1003 131 86 67 24
1459 574 1003 130 90 65 18
1460 472 900 87 51 37 52
1461 651 899 85 53 40 40
1462 422 753 81 47 37 22
1463 688 752 106 70 58 59
1464 479 1172 70 31 26 22
1465 619 1171 82 43 38 18
1466 559 1028 100 54 39 20
1467 574 1028 97 55 41 20
1468 512 1085 47 29 29 22
1469 604 1084 22 12 13 22
1470 421 770 97 57 45 12
1471 690 768 89 49 39 42
1472 475 907 98 61 45 48
1473 655 906 88 52 40 50
1474 509 930 113 70 53 73
1475 632 928 89 52 43 68
1476 545 895 137 82 62 43
1477 611 895 129 78 61 63
1478 528 1190 87 36 32 26
1479 581 1191 86 39 33 21
1480 482 891 88 52 38 72
1481 648 889 73 44 30 39
1482 421 1007 114 67 49 20
1483 680 1003 94 54 42 77
1484 563 954 86 52 40 46
1485 583 951 92 56 44 37
1486 524 1213 105 45 37 23
1487 582 1214 103 50 44 26
1488 459 1149 49 24 20 24
1489 634 1146 96 51 46 20
1490 531 1173 45 21 19 24
1491 579 1173 50 26 24 25
1492 544 1219 104 46 42 20
1493 564 1220 109 52 45 26
1494 547 948 68 41 32 29
1495 599 942 91 57 47 56
1496 373 730 23 15 13 16
1497 736 729 30 22 19 63
1498 509 861 93 56 40 50
1499 628 860 76 47 33 48
1500 452 1169 85 38 32 23
1501 640 1168 69 42 35 19
1502 494 934 125 76 59 89
1503 641 931 110 67 51 72
1504 528 1029 104 57 41 29
1505 601 1028 108 62 46 26
1506 474 926 98 59 44 43
1507 656 924 94 58 46 75
1508 491 966 92 48 37 24
1509 629 964 83 47 35 64
1510 503 917 127 78 61 76
1511 638 916 89 55 45 70
1512 512 882 94 55 40 53
1513 632 883 77 48 34 74
1514 450 979 125 72 54 31
1515 656 977 102 58 45 72
1516 503 898 102 60 44 69
1517 639 898 85 53 42 37
1518 546 1052 103 56 48 30
1519 587 1052 100 53 45 24
1520 428 1135 88 50 41 21
1521 660 1131 76 46 35 27
1522 570 936 125 78 62 27
1523 586 935 128 82 66 38
1524 444 1185 72 39 34 27
1525 643 1184 65 38 29 18
1526 567 945 106 67 52 30
1527 584 944 109 70 55 56
1528 574 881 150 94 71 34
1529 588 881 142 84 62 33
1530 530 1054 96 52 43 24
1531 599 1053 88 45 36 23
1532 547 1197 98 43 36 17
1533 564 1198 98 48 37 26
1534 558 984 130 79 60 21
1535 574 984 126 79 63 30
1536 465 1098 59 33 32 29
1537 638 1093 46 27 21 23
1538 531 1075 77 42 36 29
1539 594 1074 74 37 31 29
1540 472 948 92 54 41 45
1541 468 913 84 50 38 38
1542 647 947 102 60 48 71
1543 655 912 92 54 43 49
1544 573 923 146 93 75 27
1545 587 923 146 95 74 57
1546 522 941 30 19 17 30
1547 619 937 40 25 20 42
1548 550 927 123 76 58 30
1549 604 925 115 72 55 38
1550 553 942 97 59 46 28
1551 597 938 107 67 55 30
1552 468 930 91 55 41 45
1553 656 928 98 62 50 74
1554 547 1178 53 32 29 17
1555 562 1179 63 34 30 18
1556 540 935 92 56 44 22
1557 608 931 98 62 46 60
1558 539 1087 55 35 34 23
1559 583 1086 39 23 23 20
1560 466 917 83 49 37 53
1561 653 915 101 61 51 75
1562 557 1084 50 26 24 24
1563 570 1084 45 25 24 29
1564 561 882 151 93 71 24
1565 599 883 137 85 64 58
1566 477 969 88 44 35 29
1567 637 967 73 40 33 46
1568 561 1052 103 59 48 29
1569 574 1052 100 56 45 19
1570 466 935 81 47 35 59
1571 652 933 105 63 49 49
1572 560 911 188 142 116 48
1573 599 910 138 87 68 58
1574 481 939 115 69 54 56
1575 648 936 111 68 52 42
1576 560 896 175 117 95 45
1577 600 897 141 86 65 32
1578 574 897 163 104 86 33
1579 588 897 154 100 76 30
1580 466 960 77 38 31 20
1581 645 958 85 47 38 37
1582 483 957 99 59 47 33
1583 638 954 101 62 47 69
1584 475 943 100 58 46 53
1585 650 941 105 66 51 75
1586 435 1110 40 22 22 30
1587 660 1106 69 42 33 26
1588 547 1074 82 43 38 21
1589 582 1074 76 39 33 29
1590 533 939 31 15 16 45
1591 612 935 79 49 39 31
1592 574 910 176 128 106 35
1593 587 910 176 126 101 55
1594 495 877 84 50 38 32
1595 638 875 73 43 32 77
1596 437 741 162 137 117 24
1597 673 740 67 39 28 55
1598 485 949 111 69 55 73
1599 641 947 107 61 46 72
1600 560 1072 79 35 32 24
1601 572 1073 80 39 35 23
1602 500 944 98 58 48 81
1603 632 941 65 36 30 70
1604 510 940 33 15 13 39
1605 628 937 40 21 15 46
1606 444 1139 69 36 31 25
1607 647 1135 85 48 39 22
1608 469 1342 69 45 35 19
1609 416 1328 64 41 33 21
1610 354 1260 66 44 33 24
1611 413 1255 82 53 37 21
1612 387 1171 95 59 45 25
1613 478 1000 116 69 53 20
1614 453 935 96 57 42 49
1615 558 869 136 81 61 28
1616 561 922 143 91 70 22
1617 551 884 141 86 65 43
1618 433 510 121 75 52 9
1619 434 992 120 67 53 23
1620 415 676 128 83 64 12
1621 374 700 114 73 55 20
1622 519 1226 113 58 51 26
1623 520 860 100 61 46 27
1624 558 936 116 73 57 25
1625 488 945 110 67 51 81
1626 216 756 84 55 41 38
1627 519 773 113 66 48 20
1628 241 855 100 67 48 22
1629 241 570 59 39 32 14
1630 235 525 45 30 25 21
1631 183 826 59 38 33 31
1632 527 1008 120 77 58 23
1633 366 1178 90 58 43 26
1634 312 1130 83 55 43 24
1635 412 1044 100 63 47 20
1636 386 961 139 91 69 22
1637 385 1139 100 64 50 19
1638 296 1092 89 60 46 21
1639 172 909 50 33 26 20
1640 181 898 40 25 18 21
1641 337 1028 109 72 54 19
1642 373 600 98 69 55 12
1643 225 497 25 15 14 23
1644 200 559 22 14 12 23
1645 233 1129 22 21 29 21
1646 238 1144 23 20 29 20
1647 404 723 21 12 13 18
1648 487 1065 72 38 29 21
1649 547 1085 51 30 27 20
1650 281 588 82 50 37 16
1651 476 1327 79 51 40 20
1652 405 1109 102 66 50 26
1653 534 888 124 73 54 24
1654 456 727 107 68 53 13
1655 328 758 74 45 37 46
1656 311 826 135 85 62 98
1657 351 653 101 69 56 14
1658 514 936 33 19 16 44
1659 499 939 109 66 50 54
1660 225 905 85 56 42 30
1661 271 1017 92 60 47 20
1662 258 1096 75 48 37 26
1663 316 986 112 74 55 20
1664 530 1086 50 32 30 22
1665 460 1160 74 37 31 18
1666 588 1342 55 36 29 21
1667 621 1331 56 37 30 21
1668 679 1258 44 29 24 19
1669 648 1253 69 45 35 24
1670 684 1166 77 51 38 25
1671 637 999 102 65 49 41
1672 655 931 99 61 48 48
1673 600 870 128 80 58 34
1674 596 921 130 82 62 56
1675 607 884 127 79 57 40
1676 679 502 111 66 47 16
1677 669 989 102 60 46 37
1678 699 670 122 77 58 33
1679 737 696 83 51 38 80
1680 581 1228 88 43 38 21
1681 623 860 86 53 38 72
1682 596 934 120 77 60 54
1683 642 942 107 63 50 38
1684 843 749 48 29 22 35
1685 604 771 88 52 38 51
1686 829 849 92 63 49 80
1687 826 567 31 21 19 47
1688 831 522 18 12 12 32
1689 853 818 59 42 35 81
1690 601 1008 118 75 56 34
1691 697 1174 69 46 38 19
1692 740 1125 60 40 33 52
1693 684 1040 76 49 38 35
1694 716 956 134 86 66 87
1695 692 1135 80 54 41 22
1696 757 1086 66 46 35 49
1697 832 899 76 52 42 78
1698 844 889 63 44 38 78
1699 746 1021 99 63 51 80
1700 734 585 92 64 50 69
1701 836 495 17 11 11 67
1702 855 548 19 13 13 32
1703 766 1122 33 23 22 40
1704 747 1142 44 30 27 24
1705 709 725 20 11 12 61
1706 630 1062 73 40 33 23
1707 578 1084 41 21 20 23
1708 801 579 64 40 30 34
1709 588 1327 69 49 38 22
1710 681 1105 81 53 41 26
1711 618 889 119 76 59 37
1712 655 724 106 64 48 54
1713 767 750 51 27 23 101
1714 781 821 130 85 62 72
1715 756 644 94 60 48 31
1716 627 934 57 37 30 35
1717 635 936 91 57 45 70
1718 835 897 75 50 43 80
1719 789 1013 76 52 42 46
1720 774 1090 50 35 28 37
1721 767 981 103 70 55 94
1722 590 1085 33 19 18 23
1723 634 1159 87 44 38 19
1724 215 1067 45 31 30 21
1725 198 1023 35 23 23 26
1726 204 1007 56 37 30 29
1727 225 1048 63 40 32 26
1728 810 1014 58 41 34 48
1729 796 1058 44 30 29 58
1730 801 1041 56 36 29 48
1731 818 999 54 37 30 90
1732 199 950 59 39 32 19
1733 187 906 47 30 23 21
1734 198 893 59 39 32 29
1735 213 938 72 48 38 29
1736 844 897 61 42 36 81
1737 835 942 58 41 34 67
1738 835 931 61 42 36 72
1739 845 885 62 41 36 119
1740 185 975 38 24 21 23
1741 198 1039 23 20 27 25
1742 186 996 25 19 23 29
1743 820 966 65 45 38 58
1744 806 986 76 53 45 95
1745 796 1031 64 44 37 59
1746 176 924 43 28 23 22
1747 180 916 39 24 19 30
1748 190 963 50 35 32 21
1749 832 914 68 48 39 70
1750 830 953 62 42 35 85
1751 840 907 62 43 37 54
1752 251 1080 75 48 37 20
1753 239 1027 78 51 40 21
1754 265 1057 87 59 45 17
1755 782 1073 53 36 29 80
1756 782 1052 62 43 36 88
1757 802 1021 63 43 36 58
1758 181 730 45 30 25 22
1759 190 767 70 46 36 23
1760 182 800 58 37 32 24
1761 172 764 28 18 16 23
1762 853 759 59 40 34 52
1763 855 722 53 34 28 44
1764 857 755 56 38 34 83
1765 854 791 58 41 34 112
1766 322 1249 55 36 30 17
1767 295 1222 47 30 23 17
1768 312 1234 58 38 31 23
1769 337 1262 53 34 28 16
1770 704 1224 35 24 22 22
1771 684 1252 46 28 24 26
1772 677 1264 40 26 23 23
1773 698 1234 45 27 25 20
1774 234 977 83 55 43 29
1775 225 925 81 53 42 29
1776 249 956 94 62 49 29
1777 817 971 69 46 38 63
1778 814 950 78 54 44 55
1779 832 917 66 48 38 69
1780 430 437 101 63 44 9
1781 397 468 105 62 45 10
1782 366 441 93 56 38 9
1783 396 408 79 47 36 9
1784 703 461 97 59 40 13
1785 670 433 94 57 41 11
1786 696 405 73 45 34 9
1787 725 433 81 49 36 21
1788 162 892 76 49 38 29
1789 171 917 58 39 32 30
1790 174 956 28 22 24 29
1791 163 931 85 55 44 20
1792 827 907 75 50 43 113
1793 831 881 83 56 45 61
1794 820 916 81 54 45 68
1795 814 946 78 54 44 64
1796 496 432 103 60 41 9
1797 468 468 112 67 48 9
1798 461 403 92 58 46 15
1799 643 464 105 62 43 11
1800 611 430 93 56 40 18
1801 636 402 92 56 44 9
1802 504 499 131 80 59 11
1803 480 531 135 87 64 11
1804 448 503 125 77 55 9
1805 616 495 126 75 58 11
1806 665 497 115 72 53 24
1807 641 525 113 68 47 23
1808 391 369 26 18 16 21
1809 424 381 41 23 19 14
1810 368 392 59 39 30 25
1811 666 381 46 29 22 9
1812 696 368 26 17 18 10
1813 717 388 47 34 28 10
1814 167 845 43 28 23 23
1815 167 801 27 17 16 24
1816 177 833 42 27 22 31
1817 177 874 36 25 21 28
1818 854 794 57 40 33 116
1819 847 837 69 46 38 82
1820 847 866 64 44 35 82
1821 853 826 58 41 34 81
1822 277 1205 51 32 25 17
1823 258 1179 48 31 23 24
1824 271 1193 50 29 24 17
1825 731 1180 38 27 25 24
1826 715 1207 40 26 25 19
1827 725 1192 37 26 24 21
1828 158 808 36 21 18 24
1829 153 778 20 12 10 31
1830 157 732 19 13 13 23
1831 160 765 20 15 12 23
1832 853 774 61 41 34 64
1833 849 801 63 44 37 58
1834 857 759 58 40 36 85
1835 861 731 40 29 25 40
1836 260 928 102 65 49 23
1837 234 902 88 56 43 30
1838 246 874 100 63 47 28
1839 277 898 124 79 60 19
1840 831 894 75 48 39 61
1841 813 922 90 62 50 59
1842 804 893 113 74 59 54
1843 826 867 94 62 49 78
1844 254 1142 53 36 28 21
1845 234 1106 48 31 24 26
1846 252 1106 65 45 34 26
1847 270 1140 72 45 36 25
1848 779 1098 32 23 26 75
1849 759 1136 28 23 27 26
1850 755 1134 43 28 25 51
1851 774 1099 43 28 25 35
1852 182 633 25 17 15 23
1853 168 666 26 18 16 30
1854 164 648 23 15 13 24
1855 176 614 21 13 11 22
1856 864 662 19 13 13 47
1857 860 626 20 11 12 61
1858 864 603 22 13 14 34
1859 869 645 21 15 15 51
1860 217 992 63 38 31 19
1861 821 985 56 39 32 99
1862 175 606 21 13 11 20
1863 187 578 22 14 12 20
1864 191 575 21 13 11 26
1865 861 558 15 9 9 35
1866 865 590 23 17 17 53
1867 860 561 21 12 13 81
1868 214 889 75 48 37 20
1869 190 843 58 38 29 21
1870 207 842 75 49 36 30
1871 841 881 70 47 41 76
1872 846 834 70 47 39 62
1873 851 835 61 41 34 130
1874 346 384 40 27 21 21
1875 341 424 77 48 34 15
1876 318 415 57 34 28 25
1877 732 381 19 11 9 10
1878 758 408 29 19 17 18
1879 742 416 50 30 23 11
1880 257 1010 90 62 48 22
1881 798 1005 72 48 38 47
1882 261 1172 42 27 20 25
1883 241 1142 22 19 26 18
1884 276 1176 58 38 31 23
1885 761 1136 21 19 24 52
1886 742 1168 25 19 21 20
1887 738 1171 36 25 23 21
1888 190 1017 22 19 28 18
1889 179 991 22 21 27 23
1890 791 1009 77 53 43 87
1891 798 981 81 54 43 50
1892 306 1170 75 48 37 25
1893 291 1175 68 44 34 25
1894 289 1136 76 49 38 18
1895 734 1170 43 29 26 23
1896 731 1164 47 32 29 22
1897 749 1130 52 34 30 51
1898 226 1114 22 21 29 18
1899 211 1080 24 21 30 17
1900 786 1072 49 31 27 41
1901 775 1106 31 25 29 45
1902 340 474 96 57 42 9
1903 315 457 81 48 33 17
1904 749 464 73 43 32 39
1905 766 448 56 36 29 24
1906 406 1324 57 36 31 17
1907 426 1335 63 43 36 22
1908 430 1338 61 42 35 18
1909 411 1327 61 38 32 24
1910 609 1339 56 36 29 20
1911 623 1329 52 37 32 27
1912 616 1332 46 27 20 22
1913 601 1343 47 34 26 24
1914 168 883 60 40 31 28
1915 158 850 83 53 42 24
1916 838 872 77 53 43 75
1917 841 842 78 54 44 81
1918 165 728 21 13 11 30
1919 860 723 42 31 27 91
1920 286 1204 50 32 28 17
1921 299 1208 60 37 31 20
1922 322 1237 62 40 29 17
1923 720 1202 35 25 26 26
1924 697 1237 43 25 21 17
1925 717 1206 37 26 24 26
1926 554 431 100 61 44 16
1927 529 464 119 70 53 10
1928 523 401 93 60 45 9
1929 586 463 119 72 54 8
1930 579 402 84 52 39 9
1931 249 1161 37 26 24 25
1932 746 1158 31 22 23 35
1933 273 482 62 40 29 10
1934 258 519 61 39 28 16
1935 243 514 48 31 24 22
1936 255 478 51 32 26 15
1937 813 514 31 22 17 30
1938 799 477 38 25 19 33
1939 811 477 24 14 13 37
1940 824 511 22 14 12 70
1941 418 501 123 75 55 9
1942 389 519 121 74 54 15
1943 366 495 106 63 44 8
1944 690 492 107 62 43 13
1945 731 484 94 57 41 39
1946 715 509 107 64 47 26
1947 561 498 131 83 61 10
1948 535 533 127 76 55 11
1949 590 531 128 80 58 19
1950 294 491 73 44 30 9
1951 293 448 58 33 26 20
1952 784 483 56 36 27 34
1953 779 441 41 27 24 34
1954 187 664 37 23 20 22
1955 193 698 63 41 28 20
1956 174 695 25 17 15 30
1957 850 691 51 32 26 61
1958 854 658 18 12 12 72
1959 858 689 26 16 14 50
1960 161 696 27 19 17 22
1961 866 696 22 13 14 99
1962 490 380 67 49 39 10
1963 517 371 44 31 25 9
1964 547 381 48 29 23 9
1965 603 380 58 41 34 9
1966 573 370 30 20 18 8
1967 198 598 28 18 17 30
1968 203 633 53 34 27 23
1969 849 629 22 13 14 35
1970 854 594 21 15 15 77
1971 274 446 53 34 27 18
1972 241 485 38 23 18 13
1973 259 452 39 25 22 17
1974 793 442 25 15 14 24
1975 806 449 19 10 11 50
1976 823 485 19 10 11 41
1977 232 1132 21 21 29 18
1978 238 1145 23 20 29 20
1979 225 1119 22 21 29 26
1980 763 1127 32 23 24 35
1981 762 1113 47 32 29 34
1982 749 1141 41 27 26 45
1983 250 456 34 23 19 21
1984 269 431 38 24 23 21
1985 280 425 43 28 23 17
1986 792 423 18 12 12 15
1987 811 453 21 12 13 34
1988 784 418 17 11 11 15
1989 204 795 78 50 38 28
1990 222 806 87 55 40 30
1991 227 844 94 62 47 24
1992 848 787 65 45 36 111
1993 837 838 82 54 42 62
1994 840 800 80 56 44 58
1995 340 897 148 97 76 46
1996 310 925 133 88 69 21
1997 306 873 134 83 64 37
1998 779 921 116 77 62 106
1999 757 894 134 87 69 66
2000 784 869 137 92 71 78
2001 156 703 23 14 15 32
2002 158 669 24 15 16 23
2003 871 674 18 12 12 65
2004 867 705 26 17 18 49
2005 297 417 45 30 23 32
2006 771 411 18 12 12 9
2007 363 1289 53 34 27 23
2008 345 1264 57 37 30 24
2009 368 1289 57 37 30 19
2010 657 1292 37 23 22 26
2011 658 1290 39 24 21 19
2012 677 1265 40 26 23 23
2013 211 1085 22 21 29 18
2014 199 1050 23 22 30 18
2015 782 1044 66 47 40 88
2016 774 1078 58 39 33 40
2017 508 1315 95 62 47 17
2018 482 1301 107 70 54 21
2019 497 1285 111 72 55 20
2020 524 1295 105 66 51 21
2021 589 1302 84 54 43 17
2022 564 1316 89 57 46 23
2023 554 1296 103 67 51 19
2024 579 1284 100 64 48 25
2025 311 1206 67 43 33 20
2026 715 1204 42 27 24 19
2027 219 602 47 32 25 20
2028 222 640 71 43 31 18
2029 207 668 71 44 33 31
2030 841 599 23 15 13 53
2031 844 664 50 32 28 56
2032 837 637 49 30 24 22
2033 341 520 108 65 46 15
2034 318 503 89 56 37 10
2035 769 494 67 40 29 37
2036 752 508 80 48 35 54
2037 289 952 111 74 56 21
2038 279 980 94 61 46 28
2039 791 947 94 62 49 100
2040 792 975 89 61 50 47
2041 218 738 84 52 39 78
2042 212 704 78 50 38 26
2043 224 680 76 50 37 23
2044 229 718 84 54 43 25
2045 843 698 61 42 35 51
2046 842 732 67 47 38 91
2047 837 714 63 43 36 46
2048 837 676 52 35 28 49
2049 371 871 160 106 82 77
2050 400 887 160 108 84 64
2051 376 915 164 112 90 51
2052 733 869 147 95 73 65
2053 728 911 153 102 81 96
2054 707 884 145 95 70 96
2055 200 732 81 53 41 30
2056 849 724 60 41 34 44
2057 231 517 39 25 22 23
2058 218 535 24 15 10 24
2059 226 501 27 17 15 21
2060 833 516 18 9 10 69
2061 835 499 18 12 12 41
2062 844 533 20 14 14 46
2063 216 569 36 22 19 28
2064 201 561 23 13 12 30
2065 846 567 20 15 12 35
2066 855 554 17 11 11 33
2067 537 595 149 99 76 10
2068 509 564 129 81 58 19
2069 564 566 134 84 61 11
2070 618 560 131 79 55 14
2071 594 592 144 92 68 16
2072 370 1296 52 35 28 17
2073 384 1308 54 35 28 24
2074 639 1311 41 26 21 23
2075 648 1300 38 24 21 23
2076 180 1003 25 22 31 29
2077 168 971 24 21 30 29
2078 188 1020 24 21 30 22
2079 805 962 84 57 46 63
2080 789 996 82 58 46 48
2081 784 1012 77 50 41 60
2082 247 1162 30 21 22 18
2083 243 1155 22 20 25 25
2084 742 1155 43 26 19 21
2085 737 1164 41 26 21 24
2086 431 615 118 89 75 17
2087 460 649 74 47 40 15
2088 438 662 91 57 45 16
2089 406 630 49 34 29 11
2090 666 641 59 39 32 32
2091 690 605 98 66 53 30
2092 709 620 53 38 33 50
2093 682 654 77 50 43 49
2094 453 370 41 27 24 14
2095 635 369 29 17 17 16
2096 303 1128 82 54 42 25
2097 272 1105 77 54 40 22
2098 291 1102 91 62 48 24
2099 745 1122 58 39 33 37
2100 757 1096 63 43 36 47
2101 766 1099 52 37 32 45
2102 209 759 80 52 40 25
2103 847 752 62 43 36 46
2104 301 1051 94 60 48 20
2105 291 1078 88 59 45 25
2106 277 1034 93 61 48 19
2107 763 1072 72 49 41 47
2108 764 1046 76 52 42 81
2109 781 1029 77 53 43 58
2110 535 1330 84 54 43 17
2111 510 1342 69 42 33 13
2112 488 1330 77 49 38 21
2113 578 1330 68 43 36 24
2114 556 1342 64 41 35 15
2115 335 953 129 84 65 22
2116 314 971 114 75 58 23
2117 772 966 97 63 51 60
2118 759 948 123 81 65 46
2119 230 542 42 29 23 23
2120 234 570 54 35 28 24
2121 832 568 26 16 15 52
2122 836 541 17 11 11 77
2123 484 587 149 97 75 12
2124 457 556 137 85 63 10
2125 663 548 124 78 55 15
2126 644 581 138 88 65 34
2127 152 820 74 50 38 25
2128 154 861 86 57 43 20
2129 846 813 67 47 36 59
2130 837 850 82 55 44 64
2131 313 836 141 91 68 50
2132 341 852 153 101 77 70
2133 282 846 129 84 63 34
2134 758 849 143 95 73 112
2135 779 831 130 84 61 113
2136 802 842 122 79 60 77
2137 243 814 103 68 49 28
2138 270 819 117 74 55 30
2139 250 846 106 69 51 22
2140 811 813 111 74 55 74
2141 828 808 95 63 48 58
2142 824 841 101 68 51 122
2143 299 531 85 49 37 15
2144 278 523 74 44 34 17
2145 799 516 52 32 25 39
2146 783 521 64 37 28 28
2147 537 646 139 92 74 15
2148 510 618 145 98 78 12
2149 566 622 148 100 80 26
2150 620 614 155 108 90 40
2151 593 643 141 89 75 48
2152 295 408 35 21 18 21
2153 316 397 39 26 20 21
2154 770 404 16 10 10 16
2155 754 392 19 10 11 8
2156 266 554 78 48 37 16
2157 249 553 63 41 30 14
2158 820 549 32 21 17 44
2159 808 547 53 36 28 44
2160 467 1350 58 38 31 28
2161 443 1343 64 39 32 34
2162 451 1345 61 41 32 19
2163 588 1347 47 29 25 21
2164 573 1352 46 28 24 22
2165 588 1349 51 32 26 20
2166 374 834 148 96 72 71
2167 399 849 154 98 75 34
2168 708 847 143 89 65 45
2169 730 831 136 85 64 65
2170 389 1310 58 38 31 20
2171 408 1324 60 40 33 24
2172 625 1328 61 39 28 19
2173 640 1312 56 32 22 17
2174 405 927 159 104 84 45
2175 427 901 158 102 79 63
2176 446 914 145 90 70 85
2177 429 936 155 98 78 47
2178 683 896 143 91 69 82
2179 701 922 132 84 64 88
2180 678 931 124 75 58 40
2181 664 909 85 48 40 52
2182 540 687 123 75 61 19
2183 512 664 119 77 63 25
2184 565 668 131 82 67 28
2185 617 660 98 62 50 63
2186 587 686 120 74 58 58
2187 424 1333 65 42 34 17
2188 441 1340 66 41 34 23
2189 444 1343 65 40 33 23
2190 603 1342 53 36 29 20
2191 614 1336 58 39 32 35
2192 596 1346 51 34 26 39
2193 469 1349 60 40 33 19
2194 480 1353 55 36 30 20
2195 580 1352 48 34 25 28
2196 570 1355 52 33 26 20
2197 323 1166 77 49 37 22
2198 335 1194 74 47 36 20
2199 322 1201 74 47 38 17
2200 711 1190 53 36 29 27
2201 725 1161 55 36 30 22
2202 714 1197 48 30 26 26
2203 232 1132 21 21 29 18
2204 226 1116 22 21 29 18
2205 222 1110 23 20 27 26
2206 757 1107 57 38 32 45
2207 752 1115 55 37 33 59
2208 750 1130 51 33 29 26
2209 423 861 163 105 81 21
2210 446 873 161 105 78 45
2211 687 860 138 86 62 47
2212 666 870 136 84 62 46
2213 484 635 108 75 60 14
2214 457 604 162 120 95 11
2215 667 595 133 88 67 34
2216 645 628 112 80 69 32
2217 251 618 82 50 37 17
2218 237 622 79 49 38 16
2219 242 585 68 46 35 20
2220 258 585 77 48 34 11
2221 829 619 55 35 28 48
2222 822 612 64 41 35 35
2223 815 579 54 34 27 80
2224 824 582 39 24 19 80
2225 462 845 146 90 67 42
2226 479 851 130 79 58 82
2227 467 878 144 89 68 55
2228 653 844 118 71 53 85
2229 648 875 90 54 42 42
2230 639 850 103 64 47 42
2231 414 1326 66 41 36 24
2232 396 1311 66 42 32 26
2233 406 1310 76 49 38 16
2234 424 1326 72 45 34 17
2235 640 1312 56 32 22 17
2236 624 1328 60 38 27 17
2237 621 1326 44 29 22 23
2238 637 1309 43 28 23 18
2239 354 817 146 94 73 35
2240 384 806 130 83 65 39
2241 403 817 138 90 70 52
2242 723 803 119 72 56 47
2243 747 813 125 79 63 48
2244 705 815 133 86 70 50
2245 330 1235 68 41 32 24
2246 338 1228 69 45 35 20
2247 697 1233 50 31 27 17
2248 698 1226 51 33 29 21
2249 313 682 103 64 49 14
2250 315 712 92 56 40 14
2251 289 708 97 61 47 14
2252 289 674 96 64 53 14
2253 780 703 79 50 36 45
2254 785 672 95 59 47 68
2255 802 665 80 54 41 50
2256 799 699 74 47 36 58
2257 209 1080 24 21 30 21
2258 764 1076 68 45 39 74
2259 443 1337 67 42 35 25
2260 461 1343 67 42 35 29
2261 463 1346 63 38 31 18
2262 593 1343 47 32 29 36
2263 606 1337 48 29 23 21
2264 588 1347 47 29 25 21
2265 203 1064 25 22 31 21
2266 198 1052 24 22 33 25
2267 771 1047 71 49 38 42
2268 764 1061 76 54 43 77
2269 307 994 107 70 54 21
2270 306 1022 98 65 48 29
2271 279 1009 98 64 52 29
2272 767 1016 83 55 44 87
2273 772 988 91 62 48 57
2274 786 1004 76 52 40 45
2275 380 1229 82 53 39 21
2276 368 1233 75 49 36 21
2277 359 1210 78 50 38 21
2278 375 1205 81 51 40 25
2279 681 1232 56 37 31 25
2280 675 1228 60 40 33 25
2281 685 1202 61 41 32 18
2282 693 1208 57 38 32 23
2283 241 749 99 63 47 38
2284 261 769 104 65 48 40
2285 263 793 108 70 51 75
2286 240 779 104 63 45 40
2287 815 762 78 48 37 94
2288 829 744 79 53 40 49
2289 830 773 83 54 38 100
2290 815 785 97 64 47 109
2291 402 1285 85 53 40 25
2292 416 1307 90 56 44 20
2293 389 1287 78 50 39 22
2294 634 1306 52 35 28 18
2295 648 1284 55 36 29 25
2296 654 1287 42 27 22 25
2297 391 361 23 15 13 21
2298 369 365 21 13 11 28
2299 712 364 18 9 10 10
2300 693 362 19 11 9 9
2301 363 539 109 63 47 10
2302 410 545 116 69 49 15
2303 385 560 115 70 51 10
2304 736 526 93 51 35 36
2305 721 547 95 57 38 38
2306 700 535 102 59 42 28
2307 406 587 115 74 52 11
2308 433 574 124 78 55 12
2309 684 564 122 75 55 24
2310 707 574 118 77 55 54
2311 161 651 26 18 16 23
2312 871 651 22 16 16 46
2313 221 770 87 55 40 44
2314 841 764 72 48 36 52
2315 288 801 123 78 59 44
2316 296 820 128 82 59 98
2317 798 793 104 69 50 53
2318 793 814 119 81 60 80
2319 480 745 131 88 71 13
2320 502 754 120 72 52 15
2321 500 775 124 72 51 28
2322 480 769 130 79 58 12
2323 612 751 107 64 47 39
2324 631 741 119 73 58 55
2325 632 767 119 68 49 83
2326 616 774 104 63 45 54
2327 433 528 117 69 47 9
2328 680 520 114 69 50 30
2329 240 468 32 22 20 23
2330 231 481 24 14 13 19
2331 828 481 20 11 12 30
2332 818 465 19 10 11 57
2333 283 731 89 56 41 35
2334 262 705 86 57 43 21
2335 266 689 83 55 44 21
2336 819 699 75 48 39 49
2337 802 723 66 42 32 62
2338 817 682 73 49 39 60
2339 324 1061 94 61 46 29
2340 328 1033 104 67 51 20
2341 748 1055 85 57 45 52
2342 751 1027 92 60 49 48
2343 489 824 125 77 57 15
2344 505 831 112 67 48 23
2345 494 855 104 61 45 67
2346 631 824 107 69 50 51
2347 631 854 82 49 34 50
2348 622 830 87 51 37 49
2349 539 854 106 63 47 43
2350 532 842 107 64 48 28
2351 542 826 117 72 53 52
2352 554 840 118 66 53 54
2353 612 843 92 54 41 34
2354 610 854 99 62 46 46
2355 596 840 123 76 56 61
2356 601 825 104 66 47 45
2357 321 543 95 57 38 10
2358 341 557 106 63 47 18
2359 768 531 76 47 33 27
2360 754 543 92 56 42 35
2361 314 803 123 77 61 110
2362 341 801 127 80 62 95
2363 323 822 138 87 66 88
2364 757 795 120 74 59 67
2365 778 796 114 76 57 68
2366 772 816 128 83 60 76
2367 285 557 80 47 32 8
2368 276 582 80 48 35 7
2369 804 573 59 36 28 35
2370 795 548 60 35 28 31
2371 485 1351 61 42 36 27
2372 495 1356 50 32 28 10
2373 572 1351 49 31 27 39
2374 561 1356 49 29 22 20
2375 390 994 128 79 62 28
2376 393 967 140 89 70 30
2377 418 961 138 82 65 22
2378 414 985 128 75 57 31
2379 709 963 130 79 60 56
2380 708 989 126 77 62 42
2381 687 980 110 64 48 38
2382 686 956 134 83 64 83
2383 513 803 119 71 51 21
2384 529 813 110 67 51 27
2385 520 836 101 62 45 20
2386 606 812 91 55 41 35
2387 613 803 94 57 41 47
2388 616 836 87 51 39 47
2389 496 799 123 72 51 12
2390 515 780 112 65 47 36
2391 622 798 101 59 43 46
2392 607 779 88 51 35 51
2393 529 1360 48 29 23 24
2394 500 1357 46 31 26 22
2395 508 1359 43 29 26 16
2396 552 1357 44 29 24 23
2397 549 1358 45 30 25 22
2398 445 1266 96 58 45 19
2399 460 1253 94 57 41 18
2400 477 1270 108 66 50 25
2401 462 1286 99 63 49 25
2402 614 1252 80 51 37 21
2403 623 1266 74 47 36 21
2404 607 1286 81 51 40 19
2405 598 1269 88 54 42 18
2406 416 1283 92 58 46 21
2407 394 1259 84 52 39 17
2408 409 1262 87 58 44 18
2409 640 1281 67 43 33 20
2410 649 1260 70 46 36 19
2411 659 1259 60 40 31 22
2412 372 1264 76 47 39 23
2413 377 1289 69 44 37 20
2414 362 1269 64 40 30 20
2415 670 1263 45 30 27 19
2416 673 1267 40 26 23 18
2417 658 1289 41 26 23 19
2418 355 366 22 14 12 21
2419 336 379 31 21 19 31
2420 721 367 15 9 9 10
2421 738 379 19 11 9 9
2422 327 385 29 15 14 31
2423 744 384 16 10 10 7
2424 365 1031 124 77 59 24
2425 362 1004 125 78 62 22
2426 388 1023 120 74 58 20
2427 731 998 114 72 58 83
2428 724 1025 110 75 56 53
2429 706 1018 112 70 54 49
2430 466 1339 72 48 38 21
2431 448 1332 76 49 38 18
2432 451 1323 82 52 41 18
2433 469 1331 82 55 44 18
2434 607 1331 54 37 30 20
2435 592 1339 56 38 34 23
2436 593 1330 65 45 36 24
2437 608 1322 64 41 33 21
2438 535 758 119 70 53 28
2439 548 772 127 74 56 63
2440 539 791 115 68 50 54
2441 527 775 114 67 49 43
2442 585 771 117 70 50 34
2443 591 757 100 59 41 39
2444 600 773 88 52 38 36
2445 596 790 105 62 45 72
2446 235 660 74 48 35 19
2447 832 658 49 32 24 41
2448 306 784 104 67 49 44
2449 299 758 73 43 33 68
2450 320 761 77 47 37 82
2451 328 784 109 70 53 60
2452 787 749 39 24 21 62
2453 782 774 76 46 35 104
2454 766 775 83 50 41 71
2455 772 753 54 31 25 62
2456 304 564 91 55 39 10
2457 782 551 68 41 30 69
2458 206 539 24 16 14 24
2459 212 522 27 19 17 23
2460 217 509 24 14 13 20
2461 843 507 18 12 12 32
2462 847 516 19 10 11 43
2463 853 531 17 11 11 44
2464 488 676 84 48 36 21
2465 638 670 99 63 49 74
2466 278 633 61 41 32 21
2467 296 644 60 41 35 18
2468 269 660 65 43 32 18
2469 797 633 46 31 26 63
2470 808 623 41 26 21 46
2471 815 653 51 34 27 54
2472 278 600 76 47 33 15
2473 291 610 79 50 36 11
2474 264 622 73 45 33 11
2475 798 599 57 37 28 38
2476 805 590 63 41 30 49
2477 816 614 63 38 33 31
2478 348 1259 65 42 34 24
2479 681 1257 43 28 23 26
2480 283 780 106 69 51 42
2481 799 771 77 47 36 61
2482 553 806 127 76 55 37
2483 589 806 126 78 56 42
2484 339 1016 119 78 60 29
2485 329 993 120 78 62 22
2486 352 979 132 83 66 22
2487 758 987 104 70 58 94
2488 746 1009 104 68 56 85
2489 743 973 125 84 66 90
2490 361 574 109 68 48 10
2491 379 592 110 74 58 10
2492 740 558 92 56 40 59
2493 728 577 102 69 50 61
2494 572 804 150 96 68 61
2495 564 822 131 76 56 33
2496 561 787 137 82 62 29
2497 584 822 134 84 61 63
2498 578 787 143 89 63 71
2499 371 1185 91 57 45 22
2500 385 1181 96 60 46 17
2501 392 1197 91 59 46 21
2502 684 1175 71 47 37 26
2503 693 1180 67 45 34 26
2504 675 1194 69 47 36 25
2505 431 1323 80 53 42 20
2506 620 1321 55 36 29 19
2507 160 949 74 44 34 20
2508 158 927 83 55 43 22
2509 822 910 84 57 46 54
2510 815 934 83 56 45 106
2511 347 1220 68 44 34 21
2512 348 1187 78 52 39 25
2513 696 1217 52 35 28 24
2514 706 1183 57 38 32 20
2515 438 1299 91 59 46 26
2516 426 1303 87 58 44 24
2517 431 1277 94 60 48 21
2518 630 1301 64 41 33 23
2519 623 1298 66 41 34 20
2520 632 1276 70 46 36 22
2521 419 1230 91 55 43 22
2522 410 1245 86 54 41 21
2523 396 1236 88 54 42 25
2524 405 1215 88 52 40 26
2525 652 1244 67 43 33 19
2526 649 1229 71 44 35 19
2527 662 1213 67 43 33 20
2528 664 1234 70 46 36 19
2529 423 827 160 106 82 40
2530 443 837 154 100 76 81
2531 670 836 134 83 62 62
2532 687 827 140 88 67 44
2533 527 1359 41 30 26 39
2534 495 1357 46 31 26 11
2535 549 1357 45 30 25 21
2536 352 1250 68 45 37 18
2537 359 1243 73 46 35 21
2538 684 1248 46 28 24 25
2539 683 1241 53 36 29 20
2540 556 754 136 84 63 37
2541 568 770 143 89 65 44
2542 575 754 129 79 54 72
2543 423 800 124 79 60 32
2544 441 808 153 99 75 40
2545 687 799 127 84 65 47
2546 670 807 131 80 59 57
2547 306 591 90 54 38 11
2548 323 601 82 56 43 17
2549 308 621 58 41 34 19
2550 340 586 105 70 51 11
2551 358 597 94 65 51 12
2552 342 612 70 50 41 11
2553 772 587 65 41 29 50
2554 784 579 61 37 27 51
2555 787 607 50 31 24 49
2556 745 581 83 56 39 46
2557 757 570 84 52 37 39
2558 759 596 64 44 35 36
2559 365 943 146 94 73 23
2560 389 949 141 89 68 22
2561 315 1120 83 55 43 25
2562 308 1097 84 55 41 22
2563 325 1090 91 62 48 20
2564 329 1117 90 61 47 22
2565 736 939 143 101 79 62
2566 715 944 138 90 70 58
2567 750 1091 71 49 38 37
2568 741 1115 67 44 38 31
2569 734 1112 72 47 40 59
2570 742 1085 78 54 42 45
2571 237 696 86 57 43 34
2572 246 727 97 64 47 30
2573 567 853 137 85 63 30
2574 576 837 151 99 75 31
2575 832 693 62 45 38 61
2576 826 722 74 50 40 61
2577 589 852 140 85 64 38
2578 284 415 40 26 23 23
2579 271 428 37 23 22 20
2580 790 421 16 10 10 14
2581 780 410 16 10 10 10
2582 463 731 115 73 57 14
2583 465 713 116 69 53 16
2584 485 721 131 80 63 22
2585 648 710 119 73 57 41
2586 647 728 117 74 57 78
2587 630 717 123 74 57 39
2588 149 766 18 10 8 24
2589 148 796 63 40 32 22
2590 856 763 52 34 30 47
2591 851 792 63 45 35 113
2592 419 685 127 79 59 24
2593 439 701 118 72 56 13
2594 435 710 103 64 47 13
2595 415 696 118 75 56 14
2596 673 697 121 76 57 52
2597 695 681 123 78 59 76
2598 699 694 122 80 58 41
2599 677 708 107 68 53 79
2600 507 996 121 76 57 29
2601 489 992 122 74 60 29
2602 496 974 99 57 45 21
2603 515 976 115 63 49 24
2604 629 991 97 57 45 61
2605 616 996 106 65 47 40
2606 611 974 103 64 47 62
2607 624 972 84 46 37 36
2608 409 1018 113 67 51 19
2609 405 1041 103 64 47 29
2610 386 1050 119 73 57 22
2611 690 1037 86 54 43 38
2612 689 1014 92 56 42 74
2613 703 1047 98 65 48 47
2614 402 1078 98 65 48 29
2615 398 1103 104 68 54 22
2616 382 1107 104 67 51 20
2617 384 1078 108 67 49 29
2618 687 1099 82 54 43 29
2619 687 1074 70 45 38 31
2620 701 1075 89 60 46 63
2621 699 1103 86 56 45 24
2622 481 795 123 72 51 13
2623 473 819 131 79 58 57
2624 634 794 110 64 48 50
2625 642 819 114 67 49 41
2626 323 574 95 57 38 16
2627 770 560 77 47 36 72
2628 345 1061 106 67 50 27
2629 345 1087 101 64 48 27
2630 729 1083 88 58 47 31
2631 734 1055 96 62 50 77
2632 379 1250 79 49 38 17
2633 670 1249 54 35 29 19
2634 335 702 96 57 42 24
2635 342 714 87 53 41 15
2636 328 730 31 15 15 18
2637 766 693 98 62 46 57
2638 769 722 27 16 14 61
2639 761 706 80 51 37 87
2640 255 652 63 39 27 17
2641 244 651 74 46 34 15
2642 827 647 50 33 26 48
2643 822 646 43 30 24 30
2644 529 1359 44 29 24 27
2645 514 1357 47 32 27 18
2646 545 1357 44 29 24 39
2647 526 726 123 74 57 18
2648 542 740 127 78 61 45
2649 521 745 117 70 52 28
2650 584 739 112 69 50 72
2651 596 724 110 67 51 74
2652 599 742 98 59 42 79
2653 493 1257 79 45 33 17
2654 511 1269 103 64 49 18
2655 587 1257 84 51 36 20
2656 569 1269 101 62 45 20
2657 296 406 38 24 21 24
2658 770 404 16 10 10 16
2659 452 729 95 59 47 18
2660 444 736 83 48 46 13
2661 430 720 51 40 36 14
2662 659 727 101 61 49 82
2663 681 720 50 45 41 42
2664 666 735 103 77 78 44
2665 385 646 83 59 47 12
2666 363 625 51 34 27 11
2667 379 609 74 52 41 11
2668 727 637 71 51 40 49
2669 730 595 68 46 35 44
2670 745 611 55 40 35 51
2671 364 1083 106 67 52 20
2672 365 1057 117 74 58 22
2673 719 1052 103 67 51 70
2674 716 1079 95 63 48 65
2675 482 877 100 61 46 84
2676 502 862 102 60 46 43
2677 492 874 88 52 38 34
2678 640 874 69 39 29 52
2679 637 873 71 41 30 52
2680 630 860 79 47 34 39
2681 470 1317 90 58 45 21
2682 453 1305 94 62 49 25
2683 595 1318 73 49 37 16
2684 610 1305 75 48 37 17
2685 328 630 51 34 27 10
2686 318 653 91 63 51 13
2687 782 643 85 57 46 62
2688 773 617 47 32 29 82
2689 268 739 92 60 45 44
2690 279 759 90 54 42 35
2691 811 732 70 46 34 60
2692 801 751 61 32 26 40
2693 366 794 124 79 60 46
2694 350 779 105 63 47 99
2695 738 789 102 62 52 49
2696 751 774 93 57 45 69
2697 374 964 141 90 69 23
2698 727 959 134 89 68 56
2699 291 583 78 44 32 12
2700 794 572 63 41 30 80
2701 473 895 84 47 38 79
2702 463 901 105 61 48 56
2703 652 897 84 52 39 51
2704 648 892 81 52 36 40
2705 479 1228 63 35 31 22
2706 497 1227 95 47 43 22
2707 514 1238 79 38 34 18
2708 494 1240 59 36 30 20
2709 597 1228 59 30 26 26
2710 609 1228 52 31 26 25
2711 593 1239 45 30 23 21
2712 580 1238 59 29 27 18
2713 506 698 123 77 61 25
2714 489 703 127 78 61 13
2715 466 685 114 68 53 14
2716 616 693 104 65 50 48
2717 654 679 111 69 53 38
2718 629 699 124 77 59 76
2719 421 1257 89 57 44 18
2720 433 1246 93 60 45 17
2721 643 1256 73 49 39 18
2722 637 1246 70 43 34 18
2723 333 1141 88 58 47 29
2724 338 1164 85 55 44 22
2725 318 1140 80 54 41 25
2726 719 1159 61 41 34 23
2727 727 1136 66 43 37 23
2728 735 1136 58 37 32 24
2729 351 1160 89 60 44 26
2730 358 1178 85 56 42 19
2731 712 1154 68 44 34 20
2732 702 1173 64 44 37 27
2733 458 814 147 92 72 68
2734 655 813 126 75 56 53
2735 345 1113 98 65 50 26
2736 363 1110 103 66 50 25
2737 724 1109 82 54 43 38
2738 712 1105 88 58 47 34
2739 262 749 99 62 46 42
2740 815 743 72 45 34 89
2741 477 1244 70 40 30 25
2742 446 1235 94 56 43 22
2743 461 1229 68 41 34 22
2744 604 1243 73 43 33 18
2745 620 1229 70 43 34 21
2746 629 1235 73 45 34 22
2747 345 1037 110 68 52 29
2748 738 1030 99 66 51 37
2749 438 784 120 74 58 32
2750 449 765 105 68 52 19
2751 463 773 133 86 66 13
2752 453 789 142 92 69 24
2753 662 763 107 68 51 87
2754 673 782 121 79 63 57
2755 659 788 145 93 72 87
2756 649 771 137 91 67 52
2757 478 1345 66 43 35 17
2758 498 1349 62 42 35 14
2759 503 1354 52 34 30 20
2760 564 1349 50 32 28 22
2761 581 1345 57 36 33 36
2762 557 1354 50 32 28 39
2763 510 1249 47 28 22 25
2764 576 1249 50 31 25 25
2765 365 1154 95 62 47 22
2766 380 1149 101 65 49 23
2767 382 1166 91 58 43 19
2768 369 1170 90 58 45 26
2769 693 1144 83 56 45 30
2770 703 1149 77 50 43 20
2771 697 1166 73 49 39 20
2772 689 1160 77 50 41 21
2773 549 722 144 93 72 25
2774 565 738 140 88 64 44
2775 577 721 132 81 60 42
2776 380 675 132 87 68 18
2777 363 657 118 83 64 13
2778 403 669 127 86 66 13
2779 425 675 120 79 59 23
2780 450 693 118 75 58 13
2781 745 649 107 69 56 46
2782 731 669 120 77 60 72
2783 712 663 115 74 56 49
2784 690 668 105 66 51 34
2785 665 689 117 71 55 78
2786 387 784 107 67 57 36
2787 405 792 126 80 65 37
2788 722 781 89 49 39 106
2789 704 791 110 68 52 98
2790 348 641 71 49 38 12
2791 758 630 52 37 32 78
2792 512 957 89 53 41 24
2793 531 956 81 47 37 22
2794 534 974 126 77 62 29
2795 603 952 52 27 22 32
2796 617 954 75 45 35 66
2797 596 972 108 69 54 57
2798 252 679 69 43 30 17
2799 825 674 54 37 30 48
2800 508 715 124 75 58 16
2801 528 707 123 72 55 17
2802 610 711 111 68 52 51
2803 596 704 120 75 56 71
2804 530 1278 105 70 51 22
2805 526 1257 68 39 31 18
2806 542 1266 92 56 44 20
2807 550 1278 103 64 47 18
2808 558 1258 76 43 36 25
2809 347 1138 92 63 49 22
2810 719 1133 72 48 38 25
2811 544 1250 56 33 27 18
2812 529 1246 69 36 31 18
2813 562 1246 58 33 26 18
2814 253 713 93 61 46 24
2815 823 709 79 55 45 61
2816 161 958 22 22 34 23
2817 811 946 81 57 47 64
2818 371 770 105 68 52 80
2819 338 765 88 54 42 88
2820 356 756 76 47 39 31
2821 736 766 96 58 45 69
2822 748 753 63 36 29 67
2823 760 759 69 40 32 65
2824 244 683 80 52 40 15
2825 829 679 57 40 32 55
2826 453 1084 63 34 28 30
2827 435 1082 75 47 36 29
2828 444 1058 95 62 47 29
2829 463 1061 94 58 42 20
2830 666 1078 59 40 33 24
2831 652 1080 55 31 27 23
2832 649 1057 69 40 32 32
2833 662 1054 73 49 37 57
2834 476 1037 105 68 49 24
2835 458 1032 105 66 49 22
2836 475 1010 111 68 51 21
2837 491 1015 122 79 60 24
2838 652 1029 83 54 40 39
2839 640 1034 89 57 42 37
2840 628 1015 99 62 43 37
2841 639 1009 95 62 45 29
2842 563 705 134 82 61 55
2843 439 958 128 72 57 22
2844 446 940 123 74 57 86
2845 667 953 92 52 40 48
2846 661 935 84 51 42 47
2847 341 660 107 71 57 18
2848 338 682 106 63 47 17
2849 765 673 102 65 49 27
2850 763 651 91 55 41 41
2851 405 1151 95 58 42 25
2852 420 1165 92 54 41 26
2853 408 1182 102 65 49 26
2854 395 1168 100 63 47 21
2855 662 1162 73 45 34 23
2856 675 1147 76 50 37 29
2857 679 1164 79 53 40 20
2858 667 1179 76 49 38 18
2859 437 1314 87 57 46 20
2860 620 1313 65 40 33 19
2861 517 1354 51 33 29 14
2862 531 1356 48 33 26 20
2863 547 1354 49 31 27 25
2864 516 762 115 66 49 16
2865 505 734 126 77 60 16
2866 603 760 89 51 38 35
2867 610 730 111 65 50 53
2868 548 1243 72 37 31 22
2869 534 1238 90 45 40 25
2870 565 1238 79 40 33 18
2871 448 1007 120 71 56 20
2872 439 1032 98 59 44 21
2873 420 1034 98 61 45 29
2874 427 1013 110 64 48 20
2875 666 1028 83 53 42 32
2876 658 1005 97 57 45 42
2877 675 1010 95 59 47 33
2878 679 1030 80 50 39 44
2879 454 717 108 65 49 17
2880 657 713 110 69 51 38
2881 380 1131 101 65 49 21
2882 363 1134 101 65 49 25
2883 549 958 75 47 36 24
2884 528 946 33 19 16 22
2885 543 950 70 37 32 23
2886 697 1126 83 53 42 21
2887 708 1129 80 52 40 27
2888 591 954 80 47 38 31
2889 600 944 85 50 44 28
2890 612 942 37 19 15 34
2891 467 793 133 78 57 32
2892 646 792 117 69 49 54
2893 522 854 101 59 43 23
2894 514 854 96 59 43 28
2895 623 853 83 51 38 73
2896 620 855 86 54 41 72
2897 454 986 129 76 60 20
2898 472 979 113 64 50 20
2899 470 997 120 71 56 22
2900 640 978 92 52 42 47
2901 653 984 98 58 46 69
2902 642 996 102 63 48 26
2903 538 991 131 83 61 21
2904 549 1002 130 84 61 30
2905 542 1014 115 70 49 23
2906 532 1003 124 82 60 22
2907 583 1003 129 84 63 26
2908 591 990 126 80 57 28
2909 597 1003 124 79 58 27
2910 589 1015 126 79 59 27
2911 533 1350 56 37 31 25
2912 427 1057 82 53 39 20
2913 344 745 73 44 40 24
2914 328 749 63 40 32 34
2915 345 732 47 33 30 15
2916 673 1052 69 47 36 40
2917 768 742 47 30 23 46
2918 756 741 65 42 36 47
2919 757 727 49 38 36 62
2920 418 1081 92 59 44 20
2921 411 1054 92 56 44 28
2922 677 1076 61 41 32 52
2923 683 1050 72 48 38 65
2924 352 699 104 61 44 13
2925 361 686 114 69 50 13
2926 755 692 106 69 51 84
2927 747 678 115 72 53 31
2928 392 759 98 66 53 20
2929 407 772 90 50 38 47
2930 719 757 96 63 54 100
2931 705 771 86 48 37 43
2932 455 1194 73 38 32 21
2933 470 1195 87 40 34 21
2934 482 1212 90 45 39 22
2935 465 1211 70 35 29 26
2936 624 1197 58 35 29 25
2937 635 1194 59 36 28 20
2938 624 1212 54 34 27 26
2939 613 1214 59 28 25 19
2940 487 888 89 53 39 52
2941 498 878 87 51 35 29
2942 504 881 89 51 38 31
2943 491 892 96 57 42 76
2944 639 878 76 46 35 38
2945 646 887 73 45 33 51
2946 646 892 81 52 36 53
2947 637 881 80 48 37 47
2948 520 1006 118 75 56 19
2949 506 1022 113 72 52 23
2950 607 1006 112 70 54 35
2951 617 1021 96 59 41 52
2952 393 1137 99 63 49 26
2953 404 1120 98 60 47 22
2954 417 1134 95 52 43 24
2955 680 1116 78 50 38 22
2956 687 1133 77 49 38 27
2957 669 1130 73 45 34 27
2958 427 1104 61 33 29 20
2959 413 1103 92 56 44 22
2960 666 1100 66 41 36 28
2961 677 1099 72 48 38 30
2962 497 1211 108 51 44 21
2963 510 1224 107 57 48 25
2964 602 1213 77 38 33 21
2965 588 1226 81 42 35 26
2966 433 976 122 69 53 21
2967 431 990 117 68 53 23
2968 419 999 116 67 50 24
2969 671 972 105 62 46 75
2970 683 995 99 57 45 74
2971 673 986 100 56 43 49
2972 432 1218 91 58 43 25
2973 421 1200 95 57 46 20
2974 438 1193 76 46 35 26
2975 448 1212 75 45 35 17
2976 655 1198 76 48 36 17
2977 643 1218 72 45 36 20
2978 634 1212 74 47 36 19
2979 645 1193 73 45 34 24
2980 393 690 127 80 60 13
2981 414 709 89 55 45 12
2982 397 703 109 71 50 13
2983 719 687 128 83 62 79
2984 716 702 88 61 52 85
2985 699 709 31 17 14 42
2986 491 950 111 68 52 68
2987 502 948 81 47 38 44
2988 497 959 94 56 43 21
2989 628 944 51 28 20 46
2990 635 949 96 56 44 70
2991 627 957 90 52 39 31
2992 493 1041 110 69 51 19
2993 482 1060 88 52 40 24
2994 635 1058 72 39 34 42
2995 627 1039 91 52 37 26
2996 520 874 100 58 44 29
2997 523 862 101 59 43 25
2998 539 869 119 72 54 41
2999 622 863 88 55 40 48
3000 626 874 90 57 42 70
3001 613 869 113 71 55 44
3002 453 955 116 70 55 30
3003 447 972 124 68 53 30
3004 659 969 96 58 45 73
3005 654 952 80 47 38 36
3006 376 693 119 74 55 12
3007 735 689 121 80 58 39
3008 511 1208 116 56 46 18
3009 485 1195 106 53 47 21
3010 501 1193 98 39 33 26
3011 591 1210 85 38 32 26
3012 601 1194 76 31 28 18
3013 613 1197 75 34 30 18
3014 495 899 104 60 47 38
3015 486 911 112 69 52 37
3016 480 904 106 64 48 36
3017 651 910 96 60 48 40
3018 645 899 84 52 39 38
3019 653 903 85 51 39 78
3020 422 779 116 74 60 58
3021 689 778 104 65 50 94
3022 383 738 24 13 11 21
3023 401 731 24 12 14 20
3024 410 749 78 48 40 19
3025 726 738 25 15 14 49
3026 700 749 88 56 45 60
3027 711 733 26 12 9 51
3028 579 862 142 87 66 27
3029 573 873 147 91 68 28
3030 562 866 125 74 53 31
3031 588 873 142 87 66 31
3032 596 866 132 81 60 58
3033 366 703 103 66 48 14
3034 356 718 42 22 21 24
3035 751 713 41 22 26 62
3036 744 699 86 54 41 41
3037 562 958 87 55 42 31
3038 570 962 84 52 41 30
3039 557 966 90 54 42 40
3040 582 955 86 54 43 32
3041 580 964 73 45 34 34
3042 461 1098 49 28 25 23
3043 444 1101 43 23 24 30
3044 471 1086 56 33 27 27
3045 655 1096 52 28 24 19
3046 642 1092 49 28 23 28
3047 638 1082 64 36 32 22
3048 457 939 84 48 36 55
3049 464 939 79 45 35 86
3050 463 954 76 39 31 22
3051 652 936 104 62 50 50
3052 647 952 96 58 47 71
3053 649 937 109 66 50 50
3054 519 1031 105 62 45 28
3055 508 1047 98 56 42 21
3056 617 1045 90 50 40 34
3057 609 1030 101 59 45 26
3058 462 1177 86 39 33 26
3059 476 1179 82 34 30 22
3060 622 1180 78 37 31 19
3061 632 1178 80 43 37 22
3062 365 725 24 14 15 23
3063 355 735 66 52 49 16
3064 749 733 78 61 53 98
3065 743 723 44 34 33 96
3066 517 929 92 56 44 37
3067 523 922 97 60 44 31
3068 532 931 87 55 42 30
3069 528 934 41 22 18 25
3070 623 921 84 52 41 62
3071 627 927 76 46 38 34
3072 617 931 77 50 39 66
3073 614 928 85 56 40 65
3074 520 902 116 69 53 34
3075 532 912 116 68 54 28
3076 512 915 115 70 51 60
3077 618 911 109 67 51 35
3078 627 903 96 60 46 34
3079 633 915 86 56 45 34
3080 490 1179 82 35 29 18
3081 506 1173 56 26 24 21
3082 517 1187 87 38 33 18
3083 598 1173 60 26 24 18
3084 609 1177 70 35 31 25
3085 590 1187 76 32 31 20
3086 485 1072 74 41 34 24
3087 498 1078 66 35 30 30
3088 485 1088 49 28 27 23
3089 631 1070 65 36 32 20
3090 626 1084 51 27 25 24
3091 619 1075 55 27 23 20
3092 427 732 117 101 86 13
3093 411 722 22 13 14 13
3094 701 723 27 13 13 89
3095 683 732 87 76 70 88
3096 548 880 140 85 65 41
3097 537 882 130 79 60 23
3098 553 869 133 81 60 31
3099 542 902 127 76 57 42
3100 552 911 149 97 76 22
3101 545 921 129 78 61 42
3102 616 882 117 74 55 44
3103 609 880 126 80 56 33
3104 604 869 123 78 57 41
3105 604 910 134 83 66 37
3106 612 902 127 79 59 34
3107 609 918 119 76 60 34
3108 479 924 112 69 53 83
3109 494 919 128 77 58 77
3110 489 929 128 81 63 44
3111 654 923 101 59 47 38
3112 646 927 114 73 55 44
3113 645 918 103 64 49 37
3114 495 1163 57 31 30 25
3115 510 1161 69 35 33 24
3116 520 1169 54 24 22 17
3117 605 1163 56 26 24 22
3118 587 1170 50 26 22 21
3119 595 1161 55 34 29 19
3120 549 972 118 71 55 25
3121 550 983 133 82 65 19
3122 582 982 123 76 60 31
3123 584 971 94 56 45 53
3124 526 1231 103 53 46 19
3125 542 1228 104 51 47 22
3126 551 1235 102 53 48 22
3127 575 1232 86 41 36 20
3128 564 1229 102 52 45 25
3129 433 757 99 63 51 13
3130 445 750 75 46 32 10
3131 434 767 109 67 55 21
3132 664 748 88 54 44 56
3133 677 755 102 66 54 88
3134 677 765 101 58 49 88
3135 558 978 124 75 58 24
3136 567 971 94 56 43 28
3137 575 977 110 68 52 49
3138 435 1175 74 40 31 26
3139 430 1148 90 52 41 19
3140 443 1162 92 47 41 22
3141 651 1173 72 45 36 26
3142 647 1161 68 38 30 21
3143 657 1146 70 42 31 26
3144 464 916 79 47 36 81
3145 455 926 89 46 37 86
3146 654 922 101 59 47 38
3147 651 914 103 65 52 37
3148 517 886 105 62 46 35
3149 528 890 128 77 58 27
3150 511 896 101 62 45 34
3151 622 891 111 70 52 44
3152 629 886 85 53 40 71
3153 634 896 83 49 39 49
3154 499 1087 49 29 28 21
3155 485 1095 57 31 30 23
3156 473 1095 55 29 28 23
3157 621 1091 28 16 16 26
3158 613 1085 24 14 13 21
3159 632 1091 41 23 19 21
3160 366 740 44 41 34 14
3161 741 739 105 90 83 48
3162 481 1164 50 24 23 18
3163 471 1154 53 29 27 24
3164 484 1155 67 37 29 17
3165 624 1151 65 30 24 27
3166 617 1162 69 31 28 22
3167 614 1152 52 27 23 23
3168 510 1068 82 43 36 29
3169 522 1075 76 39 33 29
3170 511 1082 48 24 20 21
3171 613 1066 75 42 35 22
3172 607 1080 26 12 12 18
3173 601 1074 69 34 30 20
3174 551 1027 102 59 42 24
3175 545 1040 112 64 50 23
3176 537 1027 108 61 43 28
3177 581 1028 101 58 42 22
3178 595 1027 106 60 44 20
3179 588 1040 111 63 49 31
3180 397 716 17 5 9 13
3181 381 719 18 13 10 11
3182 381 703 111 73 52 14
3183 731 718 23 13 14 89
3184 716 717 101 101 101 92
3185 731 701 96 67 51 85
3186 497 1062 82 45 36 24
3187 521 1055 95 50 44 24
3188 624 1059 81 44 36 19
3189 607 1054 90 47 40 21
3190 558 1015 116 75 55 31
3191 557 993 128 81 63 24
3192 566 1003 123 80 63 22
3193 574 1016 121 80 60 18
3194 574 993 134 89 66 26
3195 468 908 88 52 40 39
3196 477 894 82 53 37 33
3197 470 906 89 53 39 79
3198 652 907 87 51 39 50
3199 653 905 88 54 42 77
3200 649 892 80 51 37 52
3201 428 745 78 43 37 23
3202 421 762 103 63 55 12
3203 682 744 73 40 35 57
3204 690 760 98 60 49 45
3205 468 1165 68 29 24 26
3206 628 1165 83 40 34 18
3207 560 1041 120 71 56 24
3208 567 1029 98 55 39 29
3209 575 1041 116 67 52 24
3210 524 1086 48 32 32 22
3211 512 1090 51 31 30 24
3212 602 1089 27 15 15 24
3213 595 1085 27 16 14 20
3214 473 917 97 58 43 79
3215 470 910 87 51 39 80
3216 478 898 87 54 39 48
3217 657 915 89 56 39 37
3218 652 897 84 52 39 51
3219 656 908 83 55 43 80
3220 501 933 125 77 57 41
3221 505 925 127 79 59 49
3222 513 935 48 31 24 36
3223 636 923 92 56 42 34
3224 638 930 107 65 51 71
3225 629 933 75 48 41 70
3226 553 896 142 90 69 27
3227 538 892 131 75 58 23
3228 548 888 139 84 64 42
3229 605 896 137 85 64 62
3230 609 889 133 82 63 31
3231 616 892 123 78 59 41
3232 530 1179 55 25 23 20
3233 538 1193 98 43 38 20
3234 526 1202 122 63 55 18
3235 580 1180 66 28 25 17
3236 581 1203 99 46 40 22
3237 572 1195 96 43 35 22
3238 487 884 80 46 34 52
3239 643 882 72 46 33 50
3240 430 999 118 69 52 20
3241 673 995 98 56 44 52
3242 565 950 98 62 48 31
3243 573 954 89 52 43 28
3244 555 952 85 55 44 23
3245 584 948 97 59 46 55
3246 591 947 96 58 47 30
3247 535 1217 101 44 35 20
3248 521 1221 107 48 40 21
3249 573 1218 112 57 52 26
3250 582 1223 89 40 35 25
3251 459 1153 59 25 23 24
3252 450 1144 59 28 26 24
3253 460 1144 50 25 21 18
3254 642 1140 102 59 52 27
3255 635 1151 96 53 46 24
3256 634 1140 78 39 34 20
3257 532 1166 62 28 27 19
3258 540 1175 39 21 19 25
3259 571 1175 46 25 24 18
3260 578 1166 33 19 18 21
3261 547 1209 108 51 44 19
3262 555 1221 116 57 53 26
3263 564 1209 117 60 51 25
3264 540 943 46 28 24 21
3265 550 945 84 55 41 29
3266 598 940 98 62 50 36
3267 606 938 87 55 44 32
3268 515 862 94 55 40 43
3269 504 870 88 54 42 31
3270 632 869 79 47 34 73
3271 626 862 81 52 38 77
3272 449 1177 87 44 37 21
3273 456 1161 79 36 30 25
3274 641 1177 56 33 25 22
3275 638 1160 89 50 43 22
3276 487 938 123 76 60 56
3277 496 939 118 72 57 54
3278 646 935 112 69 52 51
3279 638 935 100 63 47 69
3280 528 1017 116 75 55 28
3281 530 1041 106 60 47 23
3282 601 1017 104 61 44 31
3283 601 1041 97 51 38 21
3284 470 928 94 56 43 85
3285 477 934 112 69 53 47
3286 657 926 93 57 45 37
3287 653 932 102 62 50 76
3288 487 960 95 52 43 21
3289 485 970 93 50 41 24
3290 633 957 94 57 41 32
3291 632 968 73 40 31 68
3292 502 907 112 65 49 43
3293 640 907 87 51 39 48
3294 506 889 93 54 39 58
3295 637 890 82 50 39 47
3296 460 969 125 77 65 22
3297 440 988 119 66 50 23
3298 649 967 79 45 36 48
3299 664 986 100 58 44 44
3300 553 1052 105 56 49 20
3301 547 1064 85 42 35 21
3302 539 1053 99 52 44 25
3303 581 1052 97 50 42 25
3304 593 1053 90 48 36 22
3305 585 1064 86 43 36 29
3306 438 1137 79 39 37 25
3307 428 1122 62 34 30 23
3308 652 1134 90 54 42 19
3309 662 1118 79 51 40 22
3310 569 941 116 74 58 52
3311 564 936 124 78 62 24
3312 572 930 141 90 71 53
3313 578 936 126 79 61 56
3314 592 934 124 78 62 32
3315 585 940 117 74 58 31
3316 587 929 133 84 67 54
3317 559 945 96 59 50 31
3318 576 946 109 67 53 30
3319 591 942 106 64 48 32
3320 567 882 148 90 68 26
3321 582 881 150 92 70 31
3322 575 890 156 100 77 51
3323 594 882 142 87 66 31
3324 588 890 155 99 76 30
3325 531 1065 78 41 33 29
3326 597 1065 82 41 35 30
3327 548 1185 71 30 24 22
3328 556 1198 99 44 37 19
3329 563 1186 80 35 30 21
3330 566 985 125 76 61 35
3331 464 1101 61 35 34 22
3332 638 1097 41 23 19 22
3333 540 1075 81 42 37 28
3334 531 1082 50 26 22 29
3335 591 1081 40 19 16 29
3336 587 1075 71 36 30 23
3337 471 954 86 49 40 30
3338 468 942 85 48 39 42
3339 473 945 97 59 46 77
3340 477 953 99 59 47 31
3341 467 916 82 48 36 80
3342 467 922 86 52 40 83
3343 650 941 105 66 51 75
3344 644 951 103 61 49 72
3345 643 951 104 62 50 48
3346 649 944 102 62 50 49
3347 654 914 95 57 46 38
3348 657 919 92 59 44 37
3349 566 923 142 89 71 48
3350 574 917 166 111 90 33
3351 580 923 148 96 75 36
3352 587 917 156 106 83 57
3353 593 922 138 87 68 56
3354 516 941 26 15 13 33
3355 518 937 24 15 16 63
3356 528 940 27 15 15 30
3357 624 938 29 13 13 37
3358 616 936 61 42 35 41
3359 624 935 40 22 18 35
3360 543 931 104 61 52 23
3361 557 925 138 85 67 48
3362 555 933 121 75 59 24
3363 608 928 103 68 49 60
3364 599 930 118 75 58 59
3365 600 923 131 84 66 32
3366 546 940 90 56 44 23
3367 555 940 102 63 48 25
3368 597 936 114 72 58 32
3369 603 935 100 64 50 33
3370 467 932 89 53 41 90
3371 470 937 92 54 43 88
3372 654 930 101 63 50 37
3373 654 936 102 59 50 38
3374 547 1171 46 20 19 18
3375 555 1179 50 26 24 25
3376 563 1171 31 13 11 21
3377 537 938 51 27 23 25
3378 610 933 90 54 42 38
3379 535 1087 53 33 32 20
3380 543 1087 53 32 31 30
3381 538 1091 58 32 33 20
3382 583 1090 42 24 22 20
3383 580 1086 37 21 21 20
3384 586 1086 36 22 21 20
3385 465 927 81 49 38 47
3386 653 924 105 63 49 74
3387 564 1085 44 24 23 29
3388 555 1090 55 31 29 29
3389 551 1085 51 30 27 23
3390 559 1080 55 26 22 20
3391 569 1090 54 30 30 23
3392 571 1080 52 27 23 21
3393 575 1084 43 23 22 23
3394 561 889 154 96 74 25
3395 555 883 144 88 65 26
3396 560 875 142 86 63 49
3397 604 884 130 82 60 39
3398 600 890 138 86 64 31
3399 599 876 133 82 61 57
3400 472 966 86 48 39 20
3401 481 961 87 47 37 21
3402 637 959 90 54 38 42
3403 641 963 78 41 35 66
3404 568 1053 100 56 45 20
3405 561 1063 86 43 36 29
3406 574 1063 90 47 40 20
3407 560 903 185 134 105 47
3408 567 910 173 112 93 27
3409 560 918 160 105 84 47
3410 600 903 136 84 63 29
3411 597 916 135 87 67 33
3412 593 910 155 103 82 57
3413 477 942 102 58 45 45
3414 485 944 115 72 56 81
3415 651 939 105 65 53 37
3416 645 940 106 64 48 39
3417 567 897 182 125 105 27
3418 594 897 150 93 73 31
3419 574 904 186 135 108 35
3420 581 897 160 106 82 55
3421 587 904 167 115 91 57
3422 484 952 107 65 51 32
3423 640 950 105 61 48 48
3424 479 947 103 64 49 77
3425 646 945 105 63 49 46
3426 441 1115 41 21 20 28
3427 654 1110 65 36 30 27
3428 554 1073 85 44 40 25
3429 547 1082 51 26 22 21
3430 579 1082 46 22 20 29
3431 577 1074 74 35 30 20
3432 581 910 197 147 122 54
3433 486 946 113 70 54 38
3434 642 944 109 63 48 37
3435 567 1073 76 35 31 29
3436 507 943 37 16 13 38
3437 492 944 116 70 54 42
3438 497 941 112 69 53 86
3439 628 939 37 18 14 45
3440 635 938 86 52 40 70
3441 639 941 96 57 42 38
3442 504 939 91 57 45 40
3443 512 938 29 18 14 74
3444 629 935 61 38 30 68
3445 632 936 75 47 36 69
3446 445 1132 41 21 20 19
3447 647 1128 79 44 38 22
